   52    4    5    8   10   15   20   23   25   29   30   49   48   53   57   56   57   59   64   68   71   74   76   80   86   88   95  103  107  116  122  138  142  148  152  157  162  164  167  171  177  179  183  186  189  192  197  199  203  210  213  232  238  252  256  266  273  280  288  293  296  301  307  310  322  329  335  339  343  346  350  378  382  386  391  396  402  407  413  420  427  435  440  447  457  461  464  471  475  483  487  500  502  508  511  517  521  528  534  540  548  558  560  570  576  580  582  584  588  594  599  601  605  609  614  616  621  624  637  642  644  656  659  664  668  672  676  679  680  682  686  691  692  701  705  709  713  717  719  723  724
    3   47   44   43   11   19   22   27   26   32   32   46   47   52   54   55   59   66   67   74   77   77   82   85   92   93   98  106  109  119  125  144  144  147  148  155  158  162  165  173  175  184  188  189  193  198  203  201  206  213  217  238  244  255  261  270  273  279  288  294  299  306  312  313  318  323  326  331  338  345  348  372  376  386  391  401  408  414  416  422  427  432  436  442  448  452  455  462  467  482  489  505  504  514  517  521  527  532  536  544  549  553  556  562  567  569  576  579  585  599  602  605  608  614  620  619  623  628  639  642  646  652  654  660  665  667  672  679  682  684  687  691  693  698  699  705  711  713  715  716  721
    4   50   45   52   16   23   24   31   30   35   35   44   46   47   49   52   57   61   62   71   79   83   86   87   96   98  102  112  113  124  129  138  139  142  145  149  153  157  160  166  173  186  189  194  197  203  206  206  212  217  223  243  251  255  266  266  271  276  284  290  294  311  316  319  322  329  333  338  344  352  354  377  381  384  397  400  404  410  413  420  423  429  436  441  447  453  457  463  471  476  482  505  510  516  520  525  530  534  539  545  549  556  561  567  571  572  575  581  589  597  602  610  614  619  625  621  628  633  640  647  644  653  652  665  665  668  672  676  685  685  692  694  695  697  704  708  711  711  715  721  726
    9   49   43   49   19   27   25   36   34   38   37   41   43   45   46   48   55   58   60   67   74   88   90   93  102  103  104  117  119  127  130  136  136  140  141  147  151  156  157  161  168  186  190  200  202  208  209  209  217  221  226  241  248  251  258  263  266  273  281  285  289  309  314  321  328  335  338  343  351  358  359  370  376  381  394  395  400  405  410  417  425  435  440  444  451  459  462  467  476  480  485  498  501  508  515  521  530  541  541  551  555  561  564  565  569  568  571  576  584  592  596  613  610  615  618  623  628  631  637  641  641  648  648  660  663  668  672  674  680  686  694  698  696  694  702  704  708  706  712  717  724
   11   16   21   23   24   25   28   30   31   34   38   39   40   42   45   47   49   56   58   62   68   89   91   97  100  105  110  114  120  122  128  132  134  136  138  142  145  152  155  158  163  181  187  199  205  214  213  216  222  224  231  236  241  247  253  256  263  269  276  280  286  308  315  318  327  332  337  344  348  351  357  365  371  378  388  389  395  400  403  414  420  439  443  446  452  455  461  465  474  480  491  499  506  512  516  518  530  535  543  552  554  556  558  560  564  566  568  572  578  590  593  608  608  613  619  622  625  629  632  635  639  644  646  655  661  666  671  679  682  687  688  689  692  693  697  700  703  705  708  712  721
   14   16   19   23   25   27   32   33   33   37   40   44   43   43   49   49   52   61   60   66   70   87   93   96  102  107  112  115  117  124  129  134  136  139  140  147  151  156  159  160  170  188  193  195  201  212  215  218  222  227  233  240  243  248  253  258  264  268  271  276  285  308  313  322  327  334  339  343  351  355  359  366  372  377  382  385  391  395  400  410  417  439  444  450  458  462  464  472  477  485  489  495  502  505  510  515  524  530  539  550  552  566  561  562  568  572  570  576  580  593  598  603  605  611  617  619  623  630  635  638  642  648  650  656  661  667  675  682  688  688  691  693  694  696  700  702  703  708  709  714  724
   19   23   24   29   28   31   36   34   38   38   43   46   47   45   54   52   57   67   65   68   72   92   97   96  102  103  109  115  113  119  124  138  142  144  144  149  154  161  165  163  175  184  190  191  198  207  211  212  215  226  240  245  250  255  257  262  269  275  275  280  289  312  319  322  329  329  341  345  349  357  362  367  371  377  382  387  390  396  403  408  413  445  449  454  456  458  468  473  478  483  488  492  496  502  507  515  523  531  537  543  548  573  568  565  575  575  573  579  584  597  601  605  607  611  613  617  622  629  635  644  644  651  655  661  666  669  679  686  689  690  695  698  702  698  703  705  704  711  710  718  726
   24   25   30   35   33   34   41   39   40   42   44   47   49   51   57   56   61   72   71   71   75   86   92   91  100   98  103  109  111  115  121  143  147  149  147  152  157  165  169  166  176  180  183  186  193  201  205  208  212  219  234  247  250  255  261  264  268  273  278  285  295  305  313  319  326  325  335  344  348  353  358  375  377  383  389  391  397  399  407  412  419  439  444  452  453  455  465  473  480  489  495  497  503  508  512  520  527  536  542  546  554  568  572  571  578  579  580  581  586  603  605  606  605  611  616  617  620  625  630  649  650  654  658  665  670  671  679  684  686  690  695  698  700  699  704  708  708  713  711  720  727
   29   33   37   37   34   38   44   41   41   46   49   52   55   55   58   59   63   65   71   75   81   83   86   88   94   96   99  103  109  112  115  139  145  150  151  157  162  168  171  172  175  178  185  188  195  202  209  211  216  220  231  248  255  260  267  271  272  276  281  289  295  301  308  315  319  322  329  338  343  350  354  371  376  383  391  394  403  402  410  416  423  435  441  445  448  450  462  469  480  487  493  498  502  506  512  519  526  533  539  548  557  564  568  574  580  583  587  587  589  592  596  601  603  606  611  614  617  622  625  644  650  657  661  666  669  673  676  685  686  689  693  698  702  702  703  706  708  713  716  723  725
   33   37   41   41   37   42   45   45   45   47   50   54   56   60   64   62   64   66   68   70   76   81   84   88   91   97  103  105  113  116  119  142  147  153  155  158  165  169  172  177  182  185  191  195  201  207  215  215  223  226  235  255  258  263  273  276  276  283  287  294  297  300  306  313  317  323  329  334  339  347  353  377  383  388  398  397  403  406  411  416  422  428  434  440  444  447  457  464  473  486  498  502  506  509  517  524  530  537  542  546  553  558  561  569  574  582  587  590  596  601  603  605  605  608  616  619  621  628  630  643  646  652  655  664  665  668  672  679  684  690  693  696  702  706  710  712  715  718  720  726  729
   35   36   38   40   42   46   49   46   49   54   58   60   58   61   67   67   70   72   78   73   79   86   87   92   95  100  107  110  114  118  124  144  150  152  159  162  169  167  176  183  185  189  198  198  206  212  217  221  228  233  242  252  253  262  268  273  276  283  286  293  299  305  311  317  320  325  329  333  336  345  349  373  378  384  391  397  409  409  413  418  424  430  433  440  445  452  455  462  475  484  491  505  509  512  519  526  531  539  546  551  558  561  565  569  579  586  590  594  597  602  606  610  611  612  622  623  624  633  634  649  648  654  661  661  662  666  670  682  688  694  697  700  708  712  711  715  717  721  725  730  732
   54   50   49   47   43   46   51   47   53   58   64   64   64   68   72   73   73   75   79   75   84   92   89   94   97  103  109  112  117  122  127  139  143  146  153  157  162  164  171  176  181  192  200  203  207  211  217  224  230  236  241  246  250  256  263  266  273  276  282  287  296  312  312  324  326  332  334  339  340  351  354  376  385  390  397  403  408  416  417  420  426  434  438  445  448  453  459  463  470  479  488  506  503  512  516  524  527  540  549  554  559  559  561  569  581  587  590  597  601  605  609  616  616  618  626  627  627  635  638  646  649  651  655  657  660  664  667  679  682  691  695  702  707  712  714  718  718  723  727  730  731
   55   56   54   51   48   51   52   50   53   55   60   66   68   73   75   79   75   81   83   79   90   97   91   97  102  109  113  114  118  125  131  134  137  142  147  151  157  160  168  173  177  199  204  208  211  218  223  229  234  241  244  248  251  254  260  268  272  276  279  282  289  305  309  320  326  333  340  342  344  358  361  374  383  387  393  399  403  410  413  416  420  434  438  441  445  450  454  461  467  477  490  500  500  507  510  520  523  537  542  547  552  555  558  562  575  585  592  600  604  609  613  616  623  622  625  629  631  637  639  644  647  649  652  654  660  666  669  675  680  696  700  705  710  712  715  716  720  725  729  730  732
   58   60   57   55   53   58   59   53   56   62   65   68   74   76   82   83   77   82   84   85   88   93   94   99  104  106  111  117  120  125  131  137  144  146  150  156  160  165  174  179  183  204  207  214  218  225  229  235  241  245  248  255  254  260  264  272  278  282  282  288  294  309  314  325  332  338  346  348  348  359  366  373  379  386  393  397  402  407  414  423  424  441  441  446  450  457  457  467  471  483  489  494  497  504  507  516  520  533  539  551  559  559  561  565  582  589  596  602  608  615  618  622  629  629  634  638  637  639  642  647  650  655  658  659  665  668  672  677  684  692  695  699  704  707  710  714  718  726  728  729  734
   60   62   62   59   54   59   61   56   60   62   64   68   72   77   82   85   81   84   89   88   90   93   97  100  105  108  114  119  123  130  134  139  142  149  156  162  167  172  179  184  186  205  211  218  223  228  233  239  245  248  252  257  258  264  268  275  280  287  285  295  302  315  321  330  334  340  348  354  355  359  363  369  374  381  389  395  401  409  417  431  430  445  449  450  455  464  464  474  474  489  496  497  502  510  513  519  523  532  537  551  554  562  565  572  577  585  590  604  609  616  622  627  631  633  636  640  640  642  648  653  654  660  663  665  670  674  674  682  689  698  697  705  706  709  712  718  719  730  731  734  736
   65   66   66   63   58   64   63   61   66   70   75   73   77   79   86   89   90   95   95   92   97  100  104  105  109  115  117  123  126  133  138  141  145  151  157  161  165  171  178  189  190  202  212  219  221  227  234  238  241  247  257  261  263  269  275  279  284  290  292  299  306  310  315  322  330  334  341  346  354  369  377  382  381  389  396  399  409  417  422  436  435  449  453  455  462  472  470  482  481  495  499  503  506  513  516  519  524  528  533  546  556  567  572  579  581  590  593  603  611  616  616  625  631  637  642  646  646  648  654  658  657  663  666  671  675  680  677  680  683  688  693  699  701  707  711  715  717  734  739  739  737
   67   71   72   69   64   70   72   71   73   77   82   78   83   84   91   93   92   96   99   98  102  106  109  108  112  120  121  126  133  139  141  146  152  158  164  164  168  177  182  187  193  199  206  213  218  222  227  231  238  244  250  265  267  274  278  286  291  297  300  306  311  318  320  329  335  340  345  351  356  362  370  381  387  395  401  407  416  422  426  436  442  449  456  462  468  472  476  484  487  495  503  510  513  518  523  525  527  535  538  551  563  570  576  576  580  586  596  600  606  609  613  620  627  632  643  652  651  654  660  667  661  665  671  676  679  684  681  686  688  691  695  701  705  709  712  718  719  729  736  745  739
   68   73   77   72   66   69   74   74   77   80   85   81   85   86   95   96   94   97  101  102  104  110  116  113  117  127  127  130  138  145  147  151  159  162  171  169  172  184  186  190  197  204  211  214  219  225  228  236  243  251  257  272  275  280  283  290  298  302  304  310  316  323  328  335  339  346  351  357  362  366  374  389  392  402  409  414  423  427  434  443  447  455  459  467  473  479  481  486  494  501  509  516  521  525  526  528  533  539  543  549  556  563  569  573  576  582  589  601  605  609  612  616  622  629  641  654  656  659  663  668  666  670  673  678  684  686  683  689  695  701  698  707  709  715  716  721  723  731  733  738  741
   70   73   78   72   69   71   77   76   79   83   86   83   88   90   92   98  100  104  106  107  108  113  117  120  124  127  133  135  141  145  151  156  162  167  173  173  175  187  190  197  202  205  210  214  216  227  230  236  241  248  253  276  282  286  290  296  303  307  311  316  321  327  335  343  347  350  356  362  368  371  380  395  396  403  408  416  421  426  432  440  445  453  457  471  475  483  486  492  497  501  509  515  519  523  528  532  538  545  546  556  562  569  575  577  581  586  593  598  602  616  616  620  625  634  641  653  660  665  668  673  669  676  681  686  690  688  685  688  692  698  704  710  712  715  721  724  727  738  739  744  744
   75   81   86   80   75   78   82   79   82   87   90   86   89   91   93   95  101  105  108  111  115  119  126  127  130  136  136  140  143  146  153  159  165  170  174  178  181  184  188  192  198  202  205  209  213  220  228  239  243  256  259  283  285  290  297  300  306  313  317  325  327  334  340  346  353  356  364  367  374  378  384  389  396  401  409  413  418  424  432  443  448  454  460  473  480  485  494  502  508  508  515  522  526  529  533  538  543  551  549  552  559  566  573  576  582  585  591  594  597  615  623  625  628  637  643  651  661  666  673  676  674  677  681  685  688  691  689  695  698  703  709  713  713  721  727  727  730  734  737  743  746
   80   85   84   79   77   80   84   81   83   89   90   88   94   97  102   97  105  108  114  116  118  124  127  130  137  142  143  144  149  155  160  164  172  173  180  185  185  189  194  200  205  208  208  217  219  225  233  246  249  264  264  275  281  285  290  294  299  306  314  322  330  341  349  354  361  362  370  373  377  382  388  392  396  404  408  414  421  427  434  442  447  461  464  478  483  489  493  498  505  509  513  526  534  537  539  542  549  556  553  559  566  570  574  579  582  585  591  596  600  620  627  632  634  642  649  658  668  672  680  682  679  683  686  691  693  694  692  694  696  699  703  707  710  715  721  724  726  737  741  745  748
   87   93   99   96   93   95   97   96   90   92   96   90   96  101  106  101  107  112  118  121  124  128  134  136  142  148  149  148  155  158  163  168  172  176  183  188  189  193  200  203  206  210  213  223  224  233  241  253  257  269  271  282  286  289  297  299  306  311  321  326  335  347  351  358  367  369  377  379  387  387  393  397  404  410  413  421  427  434  438  448  453  467  470  487  487  494  499  502  509  517  519  531  537  545  547  549  555  562  560  564  570  576  580  586  586  590  595  602  606  617  624  628  632  639  645  651  662  668  675  682  684  689  693  699  697  699  695  700  704  706  709  711  715  719  726  728  728  737  739  742  746
   93   99  100   97   95  101   98   94   92   94   96   92   95  101  107  104  110  118  125  126  127  132  136  140  145  150  156  151  157  164  170  173  178  182  185  195  196  203  209  209  213  217  217  229  230  237  249  259  263  273  276  284  290  297  304  306  311  319  329  334  342  351  355  359  366  374  381  387  391  394  398  405  410  417  418  425  433  439  443  452  460  472  477  483  490  496  503  510  515  525  524  535  541  548  551  557  563  567  565  571  578  584  586  590  590  595  600  606  611  619  623  629  634  637  642  648  661  670  671  676  683  686  689  702  704  705  701  704  710  711  712  714  719  723  731  734  732  741  744  746  752
   99  101  103  103  101  105  103  101   98  102  100   97  103  107  113  109  114  118  124  131  131  136  142  147  148  157  161  154  160  165  168  171  176  179  182  189  196  200  213  215  219  223  221  229  237  244  248  254  261  266  273  281  287  293  298  305  314  324  329  337  345  356  363  367  371  382  386  392  397  398  402  408  416  424  424  431  438  443  449  455  463  467  474  482  490  495  501  505  513  528  528  539  545  553  558  563  571  578  573  580  584  592  590  596  597  601  604  613  617  624  626  632  637  641  647  653  658  665  668  679  686  691  694  706  709  709  711  714  718  716  714  716  725  729  731  735  735  742  750  751  755
  104  110  113  108  106  110  109  103  101  105  106  101  107  110  113  112  117  121  125  129  134  137  140  143  149  154  159  158  162  168  175  174  182  182  188  193  201  205  216  222  223  230  226  230  236  241  248  252  256  260  267  274  280  294  298  302  311  322  330  338  346  354  360  365  370  377  385  398  403  404  411  419  423  431  428  436  441  449  455  462  466  471  479  484  491  497  505  513  519  531  532  537  542  547  552  557  564  570  574  578  586  595  596  604  602  609  609  612  619  625  631  635  642  644  649  653  656  666  674  683  691  698  699  710  714  713  719  718  720  720  717  721  723  726  728  730  734  738  744  750  753
  110  114  116  112  112  114  110  107  104  107  111  111  115  121  120  118  122  128  135  136  137  142  147  149  153  158  166  164  170  174  180  181  188  186  194  197  205  210  218  224  227  235  233  240  246  253  256  257  261  266  273  281  285  299  303  309  319  330  337  347  353  362  367  372  375  383  390  399  403  409  417  421  428  433  435  440  446  453  457  465  470  474  480  488  496  501  508  516  520  529  536  547  555  557  557  564  569  576  578  582  593  601  604  608  606  611  615  619  624  629  632  639  646  651  655  659  659  673  678  685  689  692  699  704  711  718  724  721  723  721  719  722  726  728  732  736  739  742  747  752  757
  114  120  118  114  114  116  118  114  108  113  119  117  123  127  129  125  128  133  137  142  141  147  152  153  157  165  171  170  175  180  183  186  195  189  198  202  210  216  220  225  231  236  240  248  256  260  260  262  269  274  278  287  293  303  308  314  326  336  344  350  358  365  372  376  379  391  397  406  411  417  425  428  432  441  441  445  453  457  465  470  477  479  484  491  498  505  509  514  520  530  534  542  552  557  564  569  576  583  583  587  597  601  607  611  611  615  619  626  630  634  638  646  653  655  662  665  663  677  680  686  689  692  699  703  711  718  724  726  728  724  722  727  732  735  738  742  745  744  753  756  760
  118  121  120  116  116  121  121  117  113  117  122  121  124  127  130  132  133  139  142  149  144  150  154  159  163  172  175  177  184  187  192  189  195  194  202  206  212  219  224  231  238  240  245  249  254  260  265  270  274  280  285  293  300  307  316  318  328  333  340  345  352  360  365  370  377  385  400  410  416  423  431  433  436  443  446  451  457  463  470  475  479  485  489  497  501  510  513  521  524  532  537  543  554  564  569  576  581  587  587  595  603  611  613  619  619  626  623  627  635  639  642  651  656  662  665  669  670  680  684  690  694  699  706  706  718  723  730  729  733  728  724  726  729  735  738  744  748  746  752  756  758
  122  124  126  120  122  123  122  120  117  119  124  126  130  133  137  136  136  142  147  150  151  155  161  164  168  171  174  181  186  193  199  195  200  200  206  212  219  224  228  232  238  243  248  253  261  267  269  273  280  288  293  300  306  311  317  322  329  333  338  342  350  356  361  368  377  385  401  413  421  431  437  439  444  453  454  458  464  470  478  484  484  489  495  501  509  515  518  526  531  538  541  548  556  564  571  576  580  591  592  598  606  614  618  627  625  631  631  636  644  644  648  653  656  659  663  668  675  682  689  692  699  704  713  710  721  724  728  734  738  733  726  731  735  738  741  744  747  750  757  760  763
  128  131  132  125  129  131  132  127  123  126  130  131  135  140  142  142  139  143  147  153  155  158  163  169  173  179  181  188  189  197  204  202  207  204  209  213  217  222  228  236  241  245  249  255  266  274  274  278  283  287  292  300  305  313  318  326  332  339  343  350  355  365  368  377  385  394  409  419  427  436  441  448  453  459  460  466  472  476  487  489  490  494  500  508  515  520  526  534  536  543  547  555  561  572  577  581  586  597  598  606  610  616  620  627  633  640  636  641  648  651  652  660  663  671  670  673  679  684  690  695  699  703  710  714  719  724  727  736  741  738  732  734  740  746  743  748  753  755  761  766  768
  134  137  137  129  133  135  131  127  125  127  129  134  138  143  147  149  144  149  155  161  159  161  166  172  177  180  186  191  194  201  206  206  212  211  217  222  228  229  235  243  247  253  256  261  271  282  281  283  288  293  296  304  310  317  324  328  335  341  350  358  360  372  377  384  390  401  417  424  434  441  447  453  461  467  467  473  479  482  490  497  497  501  508  514  523  528  533  541  543  551  555  563  567  576  583  588  594  601  604  611  618  626  625  631  639  643  644  646  652  656  659  663  668  672  673  678  685  688  694  698  703  709  716  719  725  727  730  738  743  738  735  742  748  750  748  754  755  760  763  770  772
  142  143  146  143  141  143  137  132  136  141  147  147  145  146  152  157  151  154  161  167  165  165  168  175  182  187  190  195  201  205  211  212  217  219  226  229  236  237  241  251  255  257  263  267  279  287  288  289  293  299  303  309  316  321  326  332  338  343  350  356  363  371  379  391  396  405  417  422  430  438  443  449  457  465  474  481  485  487  493  501  504  510  516  522  528  536  539  548  551  558  563  569  572  581  586  592  596  601  606  614  620  625  632  635  642  648  653  655  662  663  666  674  676  681  679  685  691  691  701  703  709  715  719  724  729  734  735  745  749  748  744  749  754  754  751  757  759  762  765  768  774
  147  149  150  149  147  147  142  136  139  144  149  150  150  151  159  161  155  162  169  173  171  169  174  181  184  188  193  198  203  207  215  219  226  226  233  234  240  241  245  256  262  262  271  275  284  289  293  293  300  305  309  314  324  330  332  340  345  349  357  365  371  377  387  397  405  413  420  426  431  436  445  453  459  468  477  489  494  494  503  512  510  517  524  529  535  544  544  552  560  564  568  572  580  588  591  597  602  609  610  617  625  629  633  639  647  654  659  662  668  667  674  680  684  689  685  691  695  695  698  705  712  716  719  722  728  732  737  742  754  751  747  753  760  759  754  760  763  764  768  774  780
  152  155  155  152  153  154  150  144  146  151  156  154  153  157  166  165  162  166  172  178  175  172  177  180  183  190  194  202  207  215  222  224  231  230  236  241  245  248  251  258  262  269  277  279  283  290  295  298  304  309  316  322  330  338  340  347  354  355  364  370  379  386  394  405  411  419  428  436  437  443  453  458  465  475  482  493  503  500  505  511  518  524  529  536  545  553  552  560  566  570  575  578  587  593  598  601  607  615  618  622  630  635  637  644  650  657  665  666  670  675  682  688  692  695  690  698  701  702  707  712  719  721  724  728  733  739  744  745  754  761  761  765  767  763  760  762  765  766  770  773  779
  155  161  159  155  156  156  157  151  153  156  162  159  159  163  169  171  165  172  177  182  181  177  183  186  192  195  201  206  212  220  227  231  237  240  247  251  255  252  259  263  270  274  282  287  291  297  303  304  313  320  322  331  337  343  347  354  362  363  371  377  386  393  402  411  420  425  434  442  443  449  458  467  473  480  489  500  508  506  513  520  523  528  533  540  548  555  561  566  574  578  580  587  596  600  605  609  615  620  623  630  637  640  644  648  658  664  671  670  674  679  683  687  691  698  695  703  706  709  710  719  722  727  729  735  737  746  750  751  765  766  769  771  774  767  764  769  771  769  774  779  784
  160  163  163  159  162  161  164  158  158  163  168  162  163  167  172  179  178  181  186  190  187  185  190  196  201  199  207  214  220  227  231  236  243  248  252  256  259  259  267  275  280  281  287  292  296  301  308  312  322  328  330  339  344  353  356  363  369  372  380  386  395  400  408  415  420  429  436  444  451  458  463  471  478  484  492  498  503  509  518  527  531  537  543  549  557  562  569  576  583  587  585  592  599  605  613  615  620  627  631  636  642  644  650  654  662  666  672  676  683  685  693  691  695  703  701  706  714  712  715  721  724  729  736  740  740  748  752  755  761  770  776  775  776  773  767  773  776  776  777  784  788
  164  168  165  161  167  166  168  164  162  167  170  165  166  170  174  180  182  185  191  196  191  188  192  197  201  203  212  217  225  229  233  237  244  249  257  260  265  266  274  280  288  286  293  300  304  310  317  318  328  335  336  343  349  358  361  366  372  379  388  392  399  407  415  423  428  438  445  452  460  464  472  480  484  493  500  503  508  515  524  530  536  543  551  555  564  568  575  580  587  593  592  599  606  612  619  624  629  634  635  643  649  649  657  658  663  668  672  680  688  690  694  695  699  706  708  713  720  717  722  726  729  733  737  740  744  748  755  758  761  765  772  776  781  778  771  775  780  781  779  786  793
  168  174  170  168  171  172  177  171  165  172  174  169  171  174  181  185  186  189  192  198  198  193  200  203  208  208  213  220  224  229  235  243  248  252  256  261  269  273  279  286  292  293  298  306  311  315  320  324  333  341  344  351  357  363  370  375  383  388  397  401  410  413  422  427  435  444  449  457  464  469  474  481  490  499  508  508  513  523  530  539  545  552  560  561  571  573  583  587  594  600  600  606  613  617  622  628  635  643  644  652  655  655  660  662  667  675  682  685  694  701  704  700  705  712  714  718  724  721  726  730  736  739  742  744  749  751  756  762  765  772  778  780  784  780  775  778  784  786  782  792  797
  180  183  175  170  176  175  180  174  172  177  179  174  174  178  181  187  191  193  200  203  205  200  207  212  214  214  221  225  231  233  242  250  252  257  264  268  273  281  285  289  297  298  303  311  316  320  325  330  337  344  352  361  363  368  375  383  390  395  403  406  414  422  428  433  441  446  453  458  463  472  479  486  496  503  512  513  518  527  533  541  550  558  567  569  577  582  589  592  601  607  611  616  625  622  629  636  641  650  652  661  663  661  666  666  674  681  688  692  700  705  708  708  713  716  719  724  731  727  732  740  742  744  746  751  754  755  763  768  769  778  781  786  786  783  779  786  789  790  784  798  799
  184  187  179  173  176  181  188  184  183  189  184  181  177  180  183  187  190  194  199  203  209  203  210  216  222  218  223  229  236  241  248  256  260  265  268  273  280  287  290  296  304  303  310  319  321  328  333  335  344  350  357  362  367  373  378  385  394  399  408  415  422  431  438  441  449  452  461  464  469  481  486  492  505  511  518  522  525  533  541  549  556  562  570  574  582  587  596  601  610  612  619  626  631  630  635  644  649  654  659  665  672  669  675  670  674  679  684  691  696  702  708  716  719  721  729  734  736  732  739  746  747  751  752  758  758  762  768  775  775  782  786  790  793  790  787  794  797  790  788  800  801
  186  191  184  177  180  184  189  191  187  192  190  187  182  184  188  195  195  197  205  206  216  211  216  220  224  223  228  233  237  244  249  255  262  268  274  280  289  295  298  305  312  313  318  327  326  333  338  342  350  359  366  367  374  378  383  394  403  407  413  420  428  434  440  448  455  459  470  471  477  486  493  499  513  516  527  531  531  536  541  549  554  559  566  573  581  589  598  607  614  618  623  632  640  638  642  648  657  664  665  674  679  678  682  676  680  688  694  698  700  710  713  724  726  726  734  739  742  738  745  749  751  756  755  760  761  767  772  775  779  783  788  791  797  799  794  799  804  797  790  802  803
  193  196  190  185  191  197  203  200  200  201  198  194  194  199  204  204  200  203  209  212  220  223  232  233  230  228  232  239  243  249  256  261  269  273  278  282  288  296  303  308  313  321  327  334  332  339  345  348  354  361  370  373  381  386  389  400  407  416  418  426  434  440  446  454  460  467  476  477  484  493  499  504  515  521  530  535  539  545  552  559  560  568  572  579  589  596  607  615  622  627  630  638  643  646  650  657  662  668  673  679  687  687  690  683  689  693  700  703  708  715  717  728  733  730  734  738  743  749  752  757  757  760  760  766  765  768  771  775  782  785  788  793  797  803  800  803  801  797  793  807  809
  200  202  199  194  198  204  207  203  209  211  205  201  201  205  212  210  206  208  212  215  223  231  235  239  234  233  238  245  249  255  263  267  277  281  282  287  293  300  308  313  322  327  334  340  337  344  352  354  362  369  376  381  389  391  396  409  417  425  425  431  440  445  454  461  469  476  482  486  490  496  503  511  519  526  535  544  544  553  560  565  568  574  577  588  596  602  612  618  623  632  639  647  653  653  656  665  671  677  685  689  696  696  699  690  697  703  710  707  714  719  721  733  737  738  745  751  751  754  759  764  762  765  763  770  769  772  777  781  786  789  791  800  801  806  810  810  807  800  796  809  811
  205  204  205  197  203  208  215  206  216  218  214  208  208  208  215  217  210  214  218  221  227  235  240  244  239  237  241  249  254  259  266  271  275  281  286  293  301  309  315  321  327  334  342  350  342  349  356  363  368  377  385  388  397  398  405  410  419  428  430  437  445  451  460  468  476  484  490  494  496  505  513  518  527  534  542  551  553  559  568  576  577  580  584  595  603  610  617  626  630  638  645  652  660  661  662  667  676  684  689  695  700  704  705  698  705  713  718  715  720  725  729  733  737  745  749  754  758  758  769  773  767  771  768  775  776  777  783  790  792  793  794  805  808  813  816  817  811  806  801  815  817
  207  210  210  203  209  216  216  209  213  217  221  215  216  213  216  219  214  218  221  226  230  237  245  250  246  245  252  257  261  266  271  278  281  288  294  300  308  313  321  327  332  338  347  353  355  361  368  371  375  385  392  397  406  405  412  418  423  428  436  445  453  457  465  471  479  488  497  501  505  511  517  525  534  543  549  556  562  570  578  582  583  586  590  595  601  610  615  621  629  636  644  651  660  672  667  672  681  686  693  698  704  710  717  708  715  723  726  723  728  729  736  740  744  750  757  762  763  765  776  778  775  777  772  775  779  783  790  795  795  796  799  805  808  815  819  824  823  816  813  821  823
  210  215  218  218  221  222  218  213  216  222  225  223  221  220  223  222  217  224  225  232  234  244  252  256  252  251  257  261  265  271  276  282  287  293  300  307  314  322  327  335  340  343  350  357  360  369  375  380  382  390  397  405  413  412  418  424  430  437  443  452  460  465  471  478  486  493  502  509  512  521  528  532  538  546  553  562  570  579  584  590  592  593  599  605  613  620  623  629  634  645  650  659  666  681  676  681  690  699  698  704  710  719  724  717  724  730  735  727  733  736  740  746  750  754  761  767  771  773  777  783  781  785  777  782  786  789  795  799  801  802  806  811  818  819  822  830  830  823  817  828  828
  212  216  220  221  228  233  227  220  226  229  235  231  228  226  232  226  220  223  228  232  237  245  252  258  258  259  266  271  273  279  280  287  293  300  308  313  322  327  332  341  349  349  359  368  369  375  383  389  387  394  400  409  417  418  424  430  439  445  451  461  470  471  480  487  496  500  510  516  520  528  534  538  547  556  562  570  579  585  593  596  599  602  608  612  618  627  629  635  640  650  655  660  667  676  683  689  695  701  706  709  716  724  729  726  733  738  739  732  737  743  747  752  755  760  767  772  778  778  782  788  792  789  781  786  790  794  799  804  805  807  812  815  822  824  829  834  834  829  824  835  834
  219  224  228  233  236  238  232  227  230  234  240  241  238  234  235  230  223  230  234  241  241  250  257  263  270  266  271  277  280  283  287  291  296  301  307  314  321  328  334  341  349  356  367  372  378  384  390  395  392  397  404  411  417  423  428  434  440  449  458  466  474  477  484  492  501  507  517  524  526  533  539  547  553  560  566  575  582  591  599  602  608  610  616  621  626  634  635  641  648  655  662  666  676  682  690  696  705  711  715  715  725  735  738  736  738  743  746  737  742  746  753  758  761  766  775  780  783  786  791  797  797  794  790  798  804  804  804  809  808  814  817  822  825  828  833  837  843  837  832  843  841
  222  227  234  238  244  242  237  232  238  239  245  248  246  241  243  237  230  235  238  243  245  253  261  267  272  271  278  286  286  288  295  299  306  310  316  322  326  333  340  349  355  362  368  375  383  388  394  403  397  402  408  417  424  431  434  441  448  458  464  472  478  485  493  502  511  513  521  530  534  540  549  553  560  569  576  581  591  597  608  611  616  617  625  629  633  641  642  647  656  664  670  675  682  689  697  703  711  717  722  720  729  737  746  749  750  748  749  744  749  752  758  765  767  774  778  783  787  793  795  800  804  801  795  801  809  808  811  815  811  816  822  827  831  831  835  842  845  847  840  847  847
  227  230  237  240  245  250  243  238  242  244  248  254  256  250  246  243  237  241  242  247  253  261  269  272  279  275  280  288  292  294  301  304  308  314  320  325  330  339  344  353  362  368  375  380  385  394  402  408  403  409  414  419  428  434  440  448  456  463  469  478  485  494  500  509  515  519  526  534  541  547  553  562  570  577  583  589  600  603  614  617  624  624  631  635  640  647  648  656  664  673  679  681  690  694  704  712  718  723  728  729  737  743  750  757  760  755  758  750  755  759  767  769  775  778  785  792  795  798  801  805  813  805  799  807  815  813  817  820  818  822  829  830  836  834  838  845  848  852  849  855  854
  237  243  248  251  249  254  250  244  246  250  256  259  261  257  259  254  250  257  253  257  260  266  274  276  285  282  289  294  299  300  307  308  314  322  329  331  336  344  350  360  366  372  379  387  392  401  407  414  412  420  429  437  436  440  448  454  462  471  477  486  491  503  509  518  524  527  535  542  549  555  562  571  579  584  592  596  606  610  619  623  631  633  641  643  649  658  654  662  669  675  684  688  697  701  707  714  720  726  735  737  742  751  759  764  768  767  768  760  768  770  775  777  783  785  790  797  799  803  805  811  818  813  805  813  821  819  822  824  824  828  831  837  843  840  844  850  855  856  854  865  863
  253  259  264  257  254  263  265  258  256  262  269  262  267  269  271  268  262  266  265  271  264  270  276  281  287  295  300  304  307  307  312  313  321  327  335  340  343  353  355  364  372  381  384  394  400  407  412  421  418  424  432  441  444  446  457  462  469  476  484  491  498  505  514  521  527  536  544  551  559  562  568  580  586  592  598  603  611  616  622  629  636  645  651  656  655  663  662  668  675  681  688  696  705  708  713  721  728  735  740  744  752  761  768  771  776  779  778  769  777  776  784  785  790  789  794  799  803  811  813  821  827  820  816  824  832  825  826  831  831  834  838  843  846  843  846  849  853  860  861  868  867
  255  259  264  260  260  267  267  261  263  268  274  269  274  272  274  277  276  274  272  275  271  276  280  286  292  300  308  309  314  315  318  319  326  334  342  346  348  354  360  365  372  377  386  395  400  406  412  419  424  430  437  445  453  455  464  469  475  481  490  497  505  511  518  527  534  543  552  557  568  570  577  586  593  599  605  609  618  623  629  638  646  654  657  665  662  671  670  676  682  688  697  702  709  715  722  730  739  740  745  749  756  761  769  776  784  787  786  781  784  785  794  793  797  793  797  801  806  811  819  825  830  832  826  832  839  831  834  837  836  838  844  849  849  847  850  854  859  864  867  871  876
  260  267  272  266  265  271  277  271  269  272  275  273  278  278  281  283  282  282  278  282  277  281  289  293  296  303  310  313  320  323  324  324  333  341  350  355  355  364  369  377  379  383  395  402  405  411  417  424  430  439  446  454  460  462  470  475  483  490  497  506  511  520  526  533  540  550  559  566  572  577  586  592  598  607  613  615  622  630  636  642  648  655  661  670  670  677  678  682  690  699  706  708  715  722  731  736  741  746  751  758  763  772  780  783  793  792  795  790  798  799  808  800  803  800  806  811  812  818  824  832  837  842  839  843  845  840  839  840  847  848  853  855  854  852  858  863  868  871  874  877  883
  270  274  280  270  272  279  282  278  274  280  285  279  285  282  286  286  287  289  283  291  285  290  298  297  301  307  312  318  323  330  330  330  336  342  351  359  362  369  375  381  388  390  400  410  412  418  424  432  440  448  456  466  469  470  476  482  490  498  507  513  518  525  532  538  544  552  561  567  576  583  591  598  604  611  619  621  627  633  642  651  656  662  668  677  678  685  685  690  699  707  714  715  724  728  737  741  750  752  756  763  768  774  783  792  797  800  809  800  806  811  812  805  809  804  809  815  818  824  829  836  844  850  846  854  852  847  847  844  849  854  858  862  857  859  861  868  873  878  879  883  886
  276  282  286  275  277  282  285  287  281  283  289  283  286  289  294  295  294  295  294  298  290  296  300  302  305  314  319  326  331  337  336  337  343  349  355  360  365  371  376  382  389  394  405  410  416  425  433  440  448  456  462  474  477  476  484  491  499  505  511  518  525  531  537  543  549  555  563  570  580  586  592  600  608  614  623  629  636  642  650  658  665  668  674  683  690  699  697  703  709  715  722  721  730  736  745  749  757  758  761  768  777  782  792  798  803  808  816  810  816  816  821  812  814  808  816  822  823  828  832  839  846  852  854  861  866  858  852  850  856  861  865  865  860  866  868  875  880  882  885  887  893
  285  291  286  283  280  285  290  297  292  298  293  289  294  296  299  305  306  305  303  302  294  298  303  306  310  317  325  329  333  337  344  353  361  367  368  368  374  379  384  391  396  399  408  417  423  433  442  446  453  462  469  475  482  482  489  497  506  513  520  526  534  540  545  552  555  564  572  578  587  594  598  607  616  623  632  636  644  652  659  664  674  677  682  690  698  704  704  712  721  724  730  729  737  744  750  755  763  763  768  775  784  790  800  807  812  813  819  821  823  825  826  820  825  818  826  833  831  834  840  847  852  859  862  870  870  864  858  856  863  867  872  867  864  868  871  877  883  888  890  892  896
  302  301  295  290  284  290  294  301  303  301  297  293  297  303  306  311  319  317  317  311  304  305  310  314  317  322  326  331  337  344  353  358  366  374  377  375  381  387  391  399  401  404  410  416  421  430  439  448  457  463  469  477  490  491  498  505  512  518  524  531  538  547  553  559  564  570  578  586  596  603  605  616  624  630  640  645  651  658  666  670  680  683  690  699  705  714  714  719  727  736  739  735  744  751  760  762  768  770  776  781  786  794  800  808  815  824  833  831  832  830  832  825  831  825  832  839  838  841  844  852  856  862  870  878  883  880  874  871  875  872  876  874  869  875  876  880  885  891  893  896  902
  309  305  299  293  288  291  297  300  306  309  305  298  303  309  312  319  324  326  321  315  310  312  319  319  323  328  334  339  345  351  360  363  370  375  382  382  387  393  398  408  407  411  419  428  437  437  445  454  463  469  475  483  492  500  506  514  522  524  532  538  546  555  562  565  571  578  587  593  603  612  614  623  632  638  648  656  659  666  673  676  685  691  699  708  714  722  723  731  736  744  745  741  748  754  761  770  776  777  785  793  798  805  805  813  821  830  839  845  845  838  842  836  836  831  835  843  844  846  852  857  860  867  871  877  884  885  878  879  883  880  883  879  874  877  880  885  892  897  900  903  909
  315  309  305  300  295  302  309  314  313  317  312  305  308  312  318  323  329  334  330  325  318  320  327  327  331  333  341  345  350  359  368  371  380  382  389  389  393  401  407  416  414  419  426  432  440  446  454  463  471  478  484  491  499  508  513  522  529  532  540  546  552  562  568  572  579  586  595  600  607  616  623  631  638  645  653  662  668  675  682  685  694  697  703  711  719  725  729  738  745  753  754  750  757  764  770  777  783  783  791  796  805  810  810  822  828  836  842  848  855  849  852  846  845  836  841  848  855  852  859  864  867  872  879  885  892  890  884  884  891  884  886  884  880  883  890  894  900  902  903  906  914
  321  320  316  305  305  308  313  316  320  323  319  312  318  319  325  331  336  339  342  338  332  336  336  336  337  337  341  345  353  358  363  370  379  387  394  398  400  405  411  418  420  428  435  440  446  453  462  471  480  485  491  497  508  515  522  532  541  538  545  553  560  568  576  579  587  595  602  608  617  626  632  638  647  652  661  670  677  684  692  694  702  703  710  716  725  731  740  746  754  761  760  756  765  772  780  784  790  790  796  802  809  817  818  829  836  841  848  853  863  863  866  860  860  851  855  862  864  859  864  871  875  882  885  890  897  895  891  892  895  889  890  889  885  888  894  897  904  905  910  909  919
  328  327  324  319  315  320  323  322  327  330  328  325  325  331  339  337  344  343  347  347  342  341  348  347  344  345  349  356  364  365  372  376  387  393  401  403  405  412  417  424  428  437  442  450  454  461  467  475  484  493  498  505  512  520  528  536  543  544  551  559  566  575  582  587  594  602  611  616  625  633  641  646  655  659  666  674  681  688  696  703  710  710  717  726  735  737  747  753  763  767  767  764  770  779  788  792  798  797  805  810  815  822  823  828  837  842  848  856  864  870  875  872  869  860  865  867  871  863  867  874  879  886  892  897  904  908  901  904  906  899  900  898  891  894  897  904  910  911  917  913  924
  333  331  327  324  321  326  330  325  329  335  337  332  330  335  343  345  348  349  354  359  354  349  356  352  349  350  355  362  368  374  381  381  392  402  409  412  414  418  424  433  434  440  448  457  462  470  476  483  490  496  505  512  520  528  534  542  548  550  558  566  573  581  589  594  601  610  617  624  632  640  648  653  662  666  674  681  689  696  703  710  718  719  726  735  744  746  756  760  771  774  774  773  781  789  797  800  806  803  809  817  824  831  828  834  842  851  856  862  872  876  883  880  879  872  876  874  875  868  875  882  888  892  899  904  908  913  913  915  912  906  905  902  895  902  908  914  913  915  919  916  927
  338  339  339  334  329  335  331  328  333  336  340  335  333  339  346  354  354  353  357  362  363  358  361  361  357  354  359  366  373  382  386  390  397  408  413  418  422  425  430  438  439  448  453  459  467  474  482  490  499  505  512  518  527  535  543  549  555  556  564  573  582  590  597  602  610  618  626  631  638  645  653  661  668  675  683  692  700  703  711  718  726  726  734  741  749  754  760  767  773  779  787  784  790  797  806  809  814  811  817  823  830  839  836  842  850  855  860  865  870  877  882  887  895  886  893  884  883  877  882  887  893  898  904  912  916  917  918  921  918  911  910  909  905  910  916  919  920  919  927  921  931
  342  346  344  341  334  337  342  335  338  344  350  349  343  348  352  356  359  359  366  368  371  366  370  371  365  362  366  374  382  390  391  397  403  412  417  426  427  434  436  443  444  450  456  465  472  479  485  494  503  510  519  527  535  543  550  556  564  562  571  579  588  595  602  610  617  626  633  639  646  653  660  669  676  684  693  702  709  710  720  727  735  739  748  752  760  763  768  773  780  788  795  791  800  809  816  815  821  824  831  834  838  844  844  852  858  867  865  872  877  882  888  894  902  893  895  888  889  882  886  892  896  903  911  919  923  924  930  930  923  919  917  917  912  915  920  924  927  926  932  928  937
  348  350  349  344  341  346  346  339  346  348  353  353  350  354  362  364  363  367  372  374  376  371  377  379  372  369  372  376  382  391  400  406  408  416  423  431  433  438  444  450  451  456  463  471  480  486  493  501  510  518  524  533  542  548  555  563  572  568  577  584  592  600  608  616  623  631  639  647  655  661  669  678  684  692  699  708  715  718  725  733  742  747  755  761  768  769  777  780  789  796  802  800  809  818  826  824  829  833  837  841  846  853  850  859  867  872  871  879  883  887  896  899  912  906  906  901  894  886  891  897  903  907  914  918  923  930  936  942  934  930  927  925  921  922  929  933  932  930  937  933  944
  351  354  357  352  348  354  347  342  347  352  355  359  364  369  373  368  370  372  380  381  389  384  383  383  377  375  380  386  391  398  406  415  413  420  429  438  444  447  458  461  464  471  473  485  489  495  501  509  518  526  533  541  550  556  564  570  578  574  583  590  599  607  615  622  631  639  646  655  663  668  677  686  691  702  708  715  723  727  735  742  749  755  764  769  777  776  783  789  795  803  811  815  821  830  835  830  835  839  843  848  851  858  858  866  872  879  879  886  891  895  902  908  918  915  915  907  903  898  902  910  916  913  918  926  931  934  943  945  941  936  933  933  931  929  932  936  935  934  943  939  947
  357  362  366  363  359  354  348  345  349  356  362  365  370  374  382  376  374  376  383  388  392  397  401  400  394  386  388  396  402  406  411  419  422  429  437  442  450  452  462  469  471  479  481  491  497  502  507  518  527  534  539  549  558  565  570  578  585  582  589  598  605  614  622  629  636  645  653  661  671  676  684  692  700  709  715  723  731  735  742  751  758  763  772  777  785  783  789  796  802  810  816  822  828  836  841  838  843  846  852  858  860  869  864  869  875  883  884  890  899  900  908  916  922  923  922  913  911  903  907  915  919  921  924  930  937  942  950  952  947  940  939  940  939  933  940  943  939  941  947  945  950
  361  367  369  365  362  358  355  352  356  360  365  372  378  381  389  382  381  382  387  395  401  404  407  404  399  391  393  401  408  415  419  425  427  435  442  448  457  460  470  474  476  484  490  497  505  509  513  521  527  535  541  550  556  562  571  577  584  595  602  610  619  623  631  638  645  652  662  669  678  684  693  700  707  716  722  730  739  742  749  758  767  770  778  785  793  792  798  805  812  818  825  830  836  844  847  847  852  855  858  866  872  874  875  883  892  898  890  895  903  908  916  925  933  934  926  920  916  909  911  916  922  926  931  937  942  949  955  960  955  947  945  947  944  940  943  945  942  945  951  952  956
  364  368  375  369  375  368  362  358  365  372  377  376  379  386  390  388  386  388  392  399  404  408  413  414  408  403  402  407  412  417  422  428  434  440  446  453  459  464  471  476  484  491  498  506  511  515  520  529  536  542  548  555  562  569  575  583  591  601  609  618  627  630  639  646  653  659  671  677  685  691  698  706  715  723  730  737  746  751  758  767  774  779  787  794  802  799  807  811  817  826  834  839  845  854  856  854  860  862  866  873  878  881  883  889  894  899  898  903  911  915  920  928  933  940  935  927  920  915  915  922  928  934  938  942  947  951  957  962  956  951  951  951  951  946  950  951  949  950  956  957  960
  371  376  379  376  379  373  367  363  367  370  375  380  386  394  398  399  395  394  402  410  410  416  421  425  422  415  408  414  422  426  430  435  440  449  455  463  465  473  476  485  490  497  503  512  518  524  527  536  542  548  557  562  570  578  581  589  599  610  617  625  634  639  646  654  660  666  676  685  693  700  707  715  723  731  737  744  751  758  765  772  780  788  795  804  810  808  813  818  825  834  843  847  851  859  862  865  871  873  877  886  885  887  891  894  900  907  904  908  915  920  929  938  943  946  948  945  939  931  927  931  939  942  943  950  954  960  963  970  964  959  961  963  958  951  956  956  955  955  962  965  968
  378  381  385  382  386  392  386  380  383  386  389  385  392  398  406  408  402  405  412  419  414  420  425  429  431  425  425  429  433  434  437  443  448  459  464  472  471  479  485  492  495  500  506  514  521  527  535  542  548  555  564  571  578  584  589  596  605  619  626  634  642  646  655  663  667  675  683  692  700  709  714  723  731  740  746  754  759  765  774  781  789  796  804  813  817  819  823  827  831  839  848  856  859  866  871  873  881  883  887  893  895  896  899  901  909  918  911  913  922  928  934  942  951  953  955  949  943  939  933  938  942  946  951  956  962  964  968  974  971  970  969  973  968  965  964  960  962  964  969  971  974
  384  390  389  386  389  395  395  389  391  390  393  388  394  400  407  414  407  410  416  422  422  426  434  434  439  433  429  436  439  440  442  452  454  464  469  474  476  484  489  496  501  511  519  526  529  534  544  548  555  561  569  575  582  590  597  602  613  622  629  637  644  651  659  666  675  683  692  700  708  715  722  732  741  749  754  761  766  773  780  787  794  801  809  816  825  828  830  834  837  843  849  857  863  869  878  883  889  894  894  901  907  904  910  914  921  926  919  918  926  933  942  950  956  961  964  966  960  955  948  952  959  954  956  963  966  972  972  980  976  976  982  979  977  971  969  969  969  972  974  978  979
  396  396  392  391  396  399  400  397  399  399  399  393  397  404  409  417  413  416  423  431  430  434  442  439  446  439  438  442  447  445  451  457  459  466  472  480  481  489  495  502  509  516  525  532  537  543  552  557  562  570  578  585  591  599  603  611  617  624  632  641  650  659  668  674  683  691  698  707  716  724  730  739  747  754  762  768  775  780  790  795  804  808  818  824  832  837  838  843  843  851  858  866  872  876  886  890  899  902  907  908  915  913  920  920  926  934  926  925  934  943  948  953  960  966  971  977  976  970  963  962  967  959  962  966  971  976  978  984  982  984  986  983  977  974  976  974  974  978  980  988  989
  399  400  396  398  404  409  408  409  411  405  400  396  399  406  410  414  417  422  428  435  434  439  444  443  451  450  453  456  455  452  456  465  465  471  477  482  487  496  502  510  518  526  532  541  544  550  560  564  568  577  587  592  598  607  611  617  626  634  641  648  657  664  673  682  689  696  707  716  725  733  738  745  754  763  771  776  783  787  796  802  811  816  825  832  839  849  852  856  856  862  870  875  879  885  893  899  908  910  915  915  921  926  929  926  931  937  936  933  941  947  955  958  966  974  980  983  982  976  971  967  973  965  968  974  977  981  983  989  994  995  993  990  989  990  986  982  977  984  984  995  994
  404  404  402  403  410  416  414  413  415  409  406  400  407  414  422  420  423  431  434  441  439  443  447  451  459  454  460  463  460  461  461  469  470  479  488  493  495  504  507  514  523  530  538  545  552  558  566  573  575  582  590  599  607  613  617  623  632  640  649  656  664  672  681  689  696  705  716  724  733  742  746  753  760  769  778  785  792  795  804  809  818  824  834  840  846  858  859  865  864  872  876  882  886  891  902  910  919  921  923  923  926  934  934  933  940  948  941  942  951  958  965  965  971  979  985  991  989  986  982  978  977  970  973  980  981  986  991  998 1002 1001  999  995  996  996  995  991  988  990  990 1001  997
  411  407  405  408  412  418  418  420  420  416  411  404  409  414  418  424  430  438  439  446  444  447  454  458  464  458  464  468  468  466  469  477  476  482  490  497  503  508  513  518  523  530  538  547  553  559  565  571  578  588  597  604  613  620  626  632  640  646  655  664  672  681  690  698  703  711  719  728  737  745  752  760  768  775  782  790  797  804  811  816  824  831  838  847  854  860  867  873  870  876  884  891  893  900  908  915  921  927  930  931  931  938  942  941  947  952  950  951  959  968  970  974  980  984  990  998 1000  994  987  982  985  978  983  990  992  996  995 1003 1008 1008 1006 1000 1000 1001 1000  998  992  994  993 1005 1002
  419  413  409  415  422  428  424  423  420  417  412  407  410  418  426  429  434  439  443  450  450  453  457  465  471  468  473  477  485  476  474  483  483  489  498  505  509  517  521  527  529  537  546  555  560  566  572  577  584  596  604  613  621  627  632  638  647  654  661  668  675  683  691  698  706  715  728  736  745  752  761  768  776  783  790  797  804  811  818  823  830  837  846  854  863  869  876  881  876  882  890  897  900  909  918  923  930  934  939  943  940  948  950  950  955  964  957  958  966  971  977  980  989  992  998 1005 1008 1001  997  989  992  985  991  998  999 1001 1000 1006 1013 1011 1007 1003 1004 1005 1007 1010 1004  998  999 1011 1006
  426  419  416  420  427  432  430  427  423  420  416  412  419  426  430  435  438  444  451  456  457  458  466  473  479  475  483  488  490  485  482  488  491  497  506  511  515  523  529  534  537  542  554  564  569  575  581  583  590  602  610  616  624  632  640  645  652  658  664  672  680  687  696  703  710  719  732  739  749  757  764  773  781  788  797  804  812  820  828  830  839  846  855  861  868  874  882  891  888  891  898  907  906  913  922  929  938  942  947  949  948  954  957  959  966  969  967  975  982  986  986  987  992 1001 1004 1008 1011 1005  998  993  996  991  999 1005 1005 1007 1004 1010 1014 1019 1015 1009 1007 1010 1013 1011 1005 1002 1006 1019 1013
  443  435  429  434  440  440  439  434  431  427  421  418  424  429  437  439  442  446  454  462  461  462  469  474  478  482  486  493  498  494  489  498  498  507  513  518  522  529  536  541  545  550  561  570  577  582  588  589  599  612  621  625  632  638  646  653  660  669  674  681  687  696  705  711  718  726  741  747  757  764  772  782  789  796  806  813  821  828  835  837  844  852  859  867  874  882  890  898  897  898  907  913  915  922  928  935  941  949  956  958  953  961  964  966  973  976  976  983  991  992  991  994 1002 1007 1010 1017 1024 1016 1010 1004 1007 1000 1005 1010 1015 1014 1009 1016 1022 1027 1020 1017 1017 1019 1023 1022 1020 1016 1017 1024 1020
  451  441  434  439  443  445  442  438  444  439  432  425  429  433  437  441  446  453  459  466  473  471  479  485  486  489  494  499  507  511  503  510  515  522  525  523  529  536  544  550  553  557  562  571  577  583  591  596  602  609  617  626  634  641  649  656  664  670  679  687  695  705  712  720  727  733  747  754  763  772  781  789  798  803  814  822  829  835  844  844  852  861  869  875  881  888  896  905  906  906  913  919  924  930  937  946  950  956  965  970  966  971  974  982  981  986  986  991  999  998  998 1003 1009 1015 1016 1023 1028 1020 1024 1019 1014 1010 1009 1013 1019 1018 1020 1024 1028 1031 1026 1021 1020 1024 1030 1030 1026 1023 1023 1031 1026
  454  460  452  456  449  451  448  444  451  454  450  446  449  456  455  445  451  459  467  473  478  475  479  484  492  495  501  504  512  519  514  521  525  531  534  528  536  541  550  556  559  564  570  579  587  591  599  603  610  617  626  634  643  647  655  664  670  679  688  695  702  713  720  729  734  741  753  761  768  775  783  791  800  808  817  825  838  844  852  853  860  868  875  881  888  894  903  911  916  915  924  925  932  938  947  953  957  965  971  979  974  981  983  988  995  995 1002 1007 1011 1006 1007 1010 1016 1022 1024 1029 1035 1027 1032 1028 1022 1015 1017 1021 1028 1026 1025 1033 1039 1034 1030 1026 1024 1028 1034 1037 1034 1032 1029 1036 1035
  461  463  457  463  456  458  453  451  458  463  463  458  455  462  462  453  455  460  466  473  481  480  485  492  500  505  509  510  517  524  520  525  534  537  540  536  544  551  559  563  564  571  578  586  592  599  606  611  618  624  631  640  647  656  662  671  677  684  691  700  706  712  721  729  736  745  752  760  769  778  788  798  807  814  821  829  842  850  857  860  868  877  886  890  896  902  908  917  925  924  932  931  940  947  953  961  964  973  981  987  981  987  990  998 1003 1000 1006 1011 1019 1014 1014 1019 1022 1031 1028 1034 1040 1032 1038 1040 1038 1034 1036 1040 1038 1033 1031 1038 1043 1039 1034 1038 1035 1036 1042 1041 1037 1036 1033 1042 1040
  465  469  465  465  462  462  458  457  460  465  468  472  469  471  465  457  460  467  474  479  487  485  493  497  502  509  513  518  525  533  529  535  540  544  549  541  548  554  560  568  570  578  584  589  597  606  615  617  626  632  641  648  653  663  670  679  684  690  700  707  712  718  729  737  744  753  761  769  776  786  795  806  815  823  830  836  851  858  866  872  880  888  896  899  905  910  918  925  931  938  946  942  951  957  963  969  973  981  987  993  987  996 1001 1006 1009 1007 1013 1022 1025 1022 1024 1028 1030 1039 1033 1039 1042 1036 1041 1044 1049 1050 1050 1049 1048 1041 1039 1044 1049 1044 1039 1044 1041 1045 1050 1047 1044 1041 1040 1046 1043
  476  480  477  474  469  467  463  462  469  475  473  476  479  479  472  465  468  472  479  487  491  490  498  503  508  516  521  526  531  536  541  546  550  553  555  549  557  562  568  573  577  584  592  599  602  612  620  624  631  637  646  654  660  667  676  684  691  696  703  712  719  725  735  743  751  759  766  773  783  790  799  812  820  829  836  844  859  866  873  879  886  892  901  907  913  918  927  935  938  945  952  957  960  965  971  977  980  988  994  999  998 1006 1006 1014 1014 1020 1020 1025 1033 1028 1029 1036 1036 1044 1041 1045 1050 1042 1050 1050 1054 1057 1058 1057 1058 1051 1047 1053 1057 1055 1054 1050 1046 1052 1055 1051 1052 1055 1055 1055 1048
  483  487  484  479  474  474  467  469  476  480  479  485  483  484  477  473  474  482  486  493  498  501  509  513  516  524  529  533  540  543  549  555  558  561  561  560  565  570  578  580  586  592  601  608  607  621  627  630  639  647  653  660  669  674  684  693  699  704  713  719  726  733  744  751  757  766  774  782  791  798  808  821  829  836  843  852  862  868  877  884  893  902  908  916  921  925  932  939  944  950  959  966  969  974  980  983  989  997 1003 1005 1006 1012 1013 1018 1020 1028 1030 1038 1045 1043 1036 1043 1045 1052 1046 1053 1055 1050 1056 1057 1059 1063 1070 1065 1065 1059 1052 1057 1064 1060 1062 1058 1052 1059 1060 1058 1062 1060 1061 1057 1054
  486  492  488  483  480  477  470  474  480  485  484  488  486  485  480  477  482  488  494  500  502  509  517  521  520  524  528  532  540  546  551  558  564  570  568  568  573  578  587  589  592  601  607  613  614  622  631  638  644  650  658  665  674  682  689  696  705  710  717  726  735  739  746  754  762  770  777  785  793  802  811  820  831  840  846  857  865  872  878  887  895  904  912  921  930  933  940  946  951  960  969  974  978  980  988  991  995 1002 1009 1012 1012 1018 1019 1025 1029 1038 1037 1046 1051 1046 1041 1050 1050 1054 1055 1058 1066 1060 1065 1064 1066 1068 1076 1073 1077 1069 1065 1070 1069 1066 1066 1063 1056 1061 1064 1061 1065 1063 1064 1065 1059
  497  502  495  488  486  483  477  477  483  490  487  492  490  495  492  485  489  494  498  503  507  514  520  526  526  532  536  541  547  552  559  564  572  581  577  577  582  583  591  594  600  607  615  623  623  631  636  645  653  660  666  671  683  688  695  702  708  716  723  729  737  746  754  763  770  777  786  791  801  807  813  820  827  833  842  852  859  869  878  886  900  911  920  928  936  942  949  956  960  968  974  981  986  987  994  998 1001 1008 1015 1022 1023 1028 1029 1035 1037 1043 1043 1050 1058 1055 1047 1052 1055 1061 1062 1065 1069 1065 1071 1071 1073 1074 1080 1081 1079 1074 1072 1075 1072 1071 1073 1073 1068 1072 1070 1066 1073 1072 1072 1081 1076
  506  507  500  491  495  489  482  484  490  493  491  497  494  499  495  492  496  501  506  511  512  516  524  531  532  539  541  547  553  556  561  566  575  584  586  582  591  592  600  601  606  611  616  625  629  635  643  651  658  666  674  679  688  696  703  711  715  724  730  737  745  753  762  770  778  783  791  798  807  815  822  827  834  839  848  860  868  877  884  892  901  911  920  928  936  948  957  962  969  977  984  992  995  994 1000 1007 1006 1015 1021 1028 1034 1038 1036 1042 1045 1052 1048 1056 1062 1063 1056 1063 1067 1071 1069 1070 1076 1069 1073 1077 1078 1081 1089 1088 1082 1078 1080 1082 1077 1076 1078 1081 1074 1075 1077 1072 1078 1079 1075 1083 1079
  509  511  506  495  499  497  491  491  496  501  501  504  500  506  502  497  504  509  510  516  519  527  533  541  539  547  547  552  556  562  567  573  581  586  591  595  598  602  608  606  613  621  630  631  634  641  649  656  664  671  679  686  694  702  710  718  724  730  738  745  751  760  770  776  784  789  797  806  814  821  829  834  840  848  854  866  874  883  893  898  909  919  928  934  943  955  962  971  977  986  991  997 1003 1002 1009 1012 1015 1024 1032 1034 1040 1047 1046 1053 1050 1055 1057 1066 1071 1073 1065 1073 1078 1083 1076 1079 1084 1079 1085 1085 1085 1087 1094 1100 1092 1085 1085 1088 1086 1081 1086 1091 1087 1089 1085 1081 1086 1087 1083 1092 1085
  512  516  510  502  507  505  501  502  505  509  507  510  506  512  507  504  508  516  516  523  525  531  538  545  547  555  551  555  562  566  572  580  585  590  598  604  612  618  622  614  619  626  633  636  639  648  657  665  672  680  688  694  701  709  716  722  728  734  743  751  760  766  774  781  788  796  803  809  818  824  830  836  845  851  858  866  875  883  892  899  911  918  927  936  944  952  961  970  978  987  999 1004 1012 1011 1016 1017 1023 1029 1036 1041 1047 1052 1055 1063 1058 1065 1062 1067 1076 1082 1078 1083 1090 1087 1084 1085 1092 1085 1089 1092 1089 1091 1099 1107 1099 1093 1091 1094 1091 1087 1094 1100 1094 1096 1089 1087 1091 1093 1091 1093 1089
  515  522  515  506  513  519  519  520  522  515  511  516  516  522  522  529  530  541  536  530  532  538  546  551  552  557  559  565  570  574  578  588  589  598  605  610  617  624  631  622  628  634  641  643  646  654  663  669  674  682  690  696  704  713  720  728  735  741  751  758  765  773  780  787  794  801  808  815  825  831  839  843  851  857  864  873  879  885  894  900  906  914  924  930  940  954  961  971  980  987 1005 1012 1018 1021 1027 1024 1030 1035 1043 1049 1052 1057 1065 1072 1065 1071 1068 1074 1081 1086 1088 1093 1096 1093 1094 1094 1099 1095 1103 1110 1104 1103 1108 1116 1116 1110 1106 1101 1098 1097 1104 1106 1100 1100 1095 1093 1097 1098 1098 1102 1098
  519  523  520  510  514  517  520  527  526  520  514  518  520  526  526  533  535  541  542  537  540  547  551  559  557  562  565  573  575  580  582  587  591  600  609  615  621  627  632  627  632  637  645  651  655  660  665  671  676  681  688  697  705  711  719  731  739  747  756  766  775  781  787  795  803  809  817  824  833  838  845  850  860  863  872  880  885  894  901  908  915  923  933  937  949  962  968  978  986  995 1007 1016 1023 1027 1036 1031 1039 1048 1057 1055 1061 1065 1071 1078 1075 1082 1075 1083 1088 1097 1092 1097 1104 1101 1102 1100 1106 1107 1107 1115 1111 1109 1116 1121 1120 1121 1116 1113 1106 1107 1111 1111 1106 1105 1101 1108 1105 1107 1104 1109 1104
  525  531  525  514  521  526  528  531  527  523  518  523  525  532  531  534  538  546  551  545  545  550  557  561  563  567  573  578  579  584  589  596  598  605  610  617  626  631  640  635  639  646  651  660  660  666  675  681  684  688  694  706  712  719  725  740  745  753  760  770  779  788  794  803  810  818  826  832  839  847  851  856  869  870  881  886  891  902  908  917  924  931  940  944  956  968  976  987  992 1001 1010 1016 1024 1032 1047 1040 1045 1050 1057 1064 1068 1073 1079 1084 1081 1087 1085 1092 1099 1105 1098 1105 1112 1107 1106 1107 1111 1113 1114 1119 1115 1113 1118 1125 1126 1127 1120 1119 1113 1115 1117 1117 1111 1113 1109 1113 1108 1113 1108 1116 1111
  530  533  531  525  528  534  537  537  532  528  521  524  530  536  534  537  541  544  551  550  552  560  565  569  569  573  577  585  585  590  596  604  604  608  613  618  623  632  638  640  646  655  662  667  669  675  681  686  692  696  700  713  719  726  732  744  752  760  767  774  781  790  796  804  811  819  826  835  846  852  859  865  873  879  887  893  897  907  913  920  927  933  939  947  953  961  969  983  993  999 1010 1019 1024 1030 1043 1051 1059 1060 1069 1072 1074 1081 1088 1090 1090 1095 1091 1099 1106 1111 1106 1112 1116 1111 1111 1114 1117 1117 1125 1129 1126 1121 1129 1137 1132 1131 1132 1127 1120 1124 1124 1122 1116 1121 1122 1118 1113 1118 1112 1122 1123
  535  539  536  533  540  547  547  543  539  534  528  531  535  542  541  547  547  554  555  555  562  565  573  577  578  581  586  594  592  597  604  609  611  618  621  629  629  641  647  652  659  664  669  675  677  686  692  694  701  704  705  718  726  735  741  750  756  762  771  779  788  799  802  811  820  825  832  840  849  858  864  872  880  885  893  901  905  911  918  925  932  940  946  953  961  970  975  987  994 1002 1007 1013 1019 1026 1037 1051 1058 1064 1072 1078 1081 1087 1095 1096 1097 1101 1098 1107 1112 1118 1114 1118 1123 1121 1118 1119 1121 1125 1130 1135 1136 1130 1135 1143 1139 1138 1134 1128 1123 1129 1129 1132 1125 1128 1127 1124 1120 1120 1116 1128 1128
  540  542  542  539  542  546  546  541  538  535  532  536  542  549  545  548  552  559  562  563  566  573  578  584  584  588  594  601  598  603  609  617  615  621  627  633  638  650  652  660  667  671  676  684  684  691  697  702  706  713  712  720  726  734  742  748  756  762  770  778  784  796  805  814  821  831  839  847  855  864  871  881  886  892  898  907  914  920  929  937  938  946  954  960  968  979  982  994 1001 1007 1014 1019 1027 1033 1045 1058 1063 1071 1078 1084 1088 1093 1102 1105 1103 1107 1111 1118 1121 1126 1118 1125 1132 1129 1125 1124 1127 1130 1135 1142 1142 1139 1145 1150 1144 1145 1141 1136 1130 1133 1136 1132 1129 1134 1133 1127 1123 1124 1119 1135 1134
  550  547  547  542  548  555  553  552  552  547  541  539  543  547  550  554  559  565  566  569  573  577  582  587  588  595  600  605  604  608  613  621  621  625  631  637  642  650  655  664  672  680  683  691  693  701  706  709  713  721  719  726  732  741  747  754  760  768  774  781  790  802  808  817  823  833  840  847  857  867  876  882  888  900  907  915  922  929  938  946  944  955  962  966  976  986  989  998 1006 1012 1019 1026 1034 1042 1052 1060 1069 1079 1084 1092 1095 1101 1109 1117 1114 1117 1120 1125 1126 1130 1124 1132 1139 1136 1130 1132 1137 1135 1139 1146 1149 1147 1152 1157 1151 1153 1147 1148 1143 1145 1142 1144 1138 1144 1144 1142 1137 1140 1135 1146 1143
  558  555  557  554  561  563  556  556  556  553  549  543  548  552  555  562  564  568  569  572  578  585  588  594  593  599  605  611  612  618  621  625  625  632  638  642  648  654  659  664  669  674  680  686  694  703  708  716  722  726  725  733  738  746  754  763  767  774  783  789  796  811  816  826  829  840  847  853  865  876  882  891  895  907  916  925  931  936  942  950  951  960  969  975  981  988  993  999 1005 1011 1018 1024 1033 1042 1048 1054 1060 1075 1083 1089 1100 1105 1110 1115 1124 1127 1127 1133 1132 1133 1128 1136 1143 1141 1138 1140 1148 1150 1148 1156 1157 1153 1157 1160 1158 1156 1152 1157 1151 1148 1149 1147 1143 1146 1150 1147 1141 1147 1145 1150 1147
  565  561  560  557  564  568  560  563  562  561  554  549  554  559  566  568  567  570  573  576  582  590  596  599  598  604  608  614  618  626  629  636  633  637  643  649  653  658  665  669  675  680  689  692  701  709  713  721  729  732  734  741  749  758  762  769  772  783  788  798  803  815  821  833  837  846  855  860  870  878  888  899  903  914  921  929  935  942  949  958  957  966  972  977  983  991  997 1006 1013 1018 1027 1030 1038 1049 1054 1060 1068 1078 1084 1092 1098 1103 1117 1124 1129 1135 1138 1143 1139 1139 1135 1140 1144 1152 1153 1155 1160 1163 1158 1165 1166 1160 1163 1170 1164 1167 1160 1167 1161 1157 1153 1155 1150 1156 1157 1152 1149 1156 1152 1158 1158
  578  572  572  569  571  573  567  570  567  573  568  562  569  572  570  575  571  574  578  583  586  590  597  603  606  611  616  624  622  629  635  643  637  645  650  658  660  665  672  674  681  687  696  701  706  717  721  730  736  737  739  748  757  766  769  774  780  791  797  804  808  815  822  830  838  845  851  857  863  870  879  894  905  914  921  932  941  949  956  964  962  970  975  983  992  996 1002 1008 1017 1023 1030 1035 1046 1053 1059 1065 1070 1083 1090 1098 1103 1109 1122 1128 1135 1143 1151 1153 1145 1147 1140 1145 1152 1157 1161 1159 1166 1171 1167 1172 1171 1166 1167 1170 1171 1170 1167 1171 1167 1162 1160 1159 1155 1161 1163 1157 1152 1155 1155 1164 1162
  590  582  585  579  576  574  571  576  571  578  584  584  586  581  576  578  580  584  585  590  590  596  602  607  610  615  623  629  630  636  642  646  644  651  654  661  666  673  679  678  689  695  705  708  712  724  728  738  742  745  747  755  760  765  771  780  787  794  803  809  813  822  831  836  845  850  855  864  869  875  882  898  905  914  923  931  943  950  958  967  969  974  982  987  993  999 1006 1012 1021 1028 1035 1040 1052 1060 1066 1072 1078 1086 1093 1101 1108 1117 1128 1134 1143 1148 1154 1155 1150 1153 1147 1155 1159 1166 1168 1173 1179 1177 1177 1179 1182 1178 1173 1176 1178 1176 1173 1180 1174 1169 1165 1164 1159 1162 1169 1168 1161 1162 1159 1171 1168
  595  586  588  582  583  580  576  581  578  584  589  589  590  586  582  581  587  588  592  597  596  600  610  611  616  622  629  633  634  641  649  652  648  653  661  668  673  680  686  685  690  698  707  714  720  728  734  743  750  751  753  760  765  770  776  784  791  800  809  816  818  823  830  839  845  854  859  864  872  881  887  906  914  922  932  937  945  957  963  974  976  982  989  997  999 1006 1012 1018 1026 1035 1041 1046 1052 1057 1062 1069 1074 1080 1088 1096 1101 1108 1121 1130 1136 1143 1148 1163 1161 1168 1160 1168 1173 1180 1175 1177 1184 1183 1182 1184 1185 1179 1176 1179 1185 1183 1179 1182 1177 1175 1169 1167 1162 1166 1171 1170 1167 1172 1166 1178 1172
  600  596  596  587  589  583  582  587  587  590  596  596  598  594  589  587  593  594  596  603  599  604  611  615  622  627  633  640  640  647  654  662  659  663  670  674  681  686  690  692  700  707  713  720  728  735  739  747  756  764  769  775  780  779  785  789  799  808  814  820  827  836  842  850  850  862  864  872  881  889  895  915  921  927  930  940  945  958  967  977  983  992 1000 1006 1008 1015 1021 1027 1034 1043 1049 1051 1060 1068 1073 1077 1083 1089 1096 1105 1110 1115 1125 1138 1144 1150 1155 1170 1168 1173 1168 1174 1179 1187 1181 1181 1189 1191 1186 1190 1192 1188 1182 1187 1194 1187 1184 1191 1184 1178 1176 1172 1167 1170 1176 1175 1171 1176 1171 1179 1177
  604  602  599  591  590  588  586  591  594  601  603  599  601  598  593  592  596  597  599  603  602  607  610  614  618  625  630  637  645  649  657  668  667  673  676  683  689  691  697  696  700  704  710  717  722  731  740  746  753  758  772  783  786  784  791  795  805  812  819  827  833  840  848  857  859  868  872  877  884  890  899  907  914  919  925  932  940  950  961  969  980  998 1007 1011 1013 1023 1028 1036 1042 1050 1058 1056 1065 1072 1079 1082 1092 1095 1103 1113 1116 1122 1133 1144 1148 1157 1162 1174 1174 1181 1173 1177 1183 1189 1185 1185 1190 1198 1194 1196 1199 1194 1196 1195 1197 1193 1189 1191 1188 1185 1185 1182 1175 1181 1184 1188 1182 1187 1185 1185 1179
  610  607  606  594  597  593  592  598  599  604  610  605  609  604  598  597  601  602  608  613  608  615  618  621  625  629  638  645  651  654  664  673  675  680  684  688  696  699  703  700  705  710  714  720  727  734  742  751  760  765  779  788  792  790  800  804  814  818  828  836  838  845  850  859  864  871  877  884  892  901  907  914  923  926  933  940  949  959  969  977  985 1005 1014 1016 1018 1026 1031 1036 1045 1053 1058 1062 1069 1076 1081 1089 1094 1099 1105 1110 1115 1121 1138 1142 1147 1154 1162 1170 1177 1185 1179 1187 1191 1198 1192 1194 1199 1203 1200 1201 1202 1200 1202 1198 1203 1196 1196 1198 1192 1189 1190 1185 1182 1186 1187 1192 1186 1188 1187 1187 1185
  615  612  610  597  603  597  598  602  604  610  614  609  614  612  605  604  609  606  611  618  613  616  620  627  630  637  643  649  656  658  664  674  680  686  690  694  698  702  707  704  712  716  723  728  735  741  750  758  768  770  786  788  797  797  804  811  818  827  836  841  845  851  858  863  868  873  882  888  897  903  911  920  927  934  939  946  957  966  976  982  990 1002 1010 1018 1026 1035 1040 1044 1052 1058 1067 1067 1076 1081 1090 1095 1103 1106 1111 1118 1119 1126 1135 1142 1150 1155 1163 1169 1177 1184 1192 1199 1199 1202 1197 1199 1207 1213 1206 1205 1209 1207 1207 1203 1203 1199 1202 1202 1195 1194 1196 1191 1188 1193 1193 1196 1192 1195 1189 1193 1191
  620  618  617  610  614  608  610  607  613  616  621  619  620  615  610  610  614  612  619  623  616  621  627  631  637  643  648  657  661  665  669  682  685  692  697  698  704  711  713  709  717  723  730  734  739  744  748  754  759  766  778  783  797  802  807  814  820  826  832  837  846  853  860  866  877  880  887  895  904  910  918  926  935  939  948  952  963  972  985  990  997 1003 1011 1019 1029 1033 1049 1052 1057 1066 1074 1073 1080 1087 1094 1101 1106 1110 1114 1121 1127 1132 1141 1149 1153 1161 1168 1176 1183 1189 1197 1202 1206 1212 1205 1204 1212 1219 1216 1213 1213 1210 1213 1209 1207 1202 1205 1203 1200 1203 1206 1208 1205 1211 1205 1203 1201 1204 1203 1204 1200
  622  620  622  616  617  613  614  613  616  620  627  626  625  624  621  617  618  618  625  626  623  628  632  639  644  647  653  661  665  670  677  683  687  692  699  705  711  717  718  713  718  723  728  736  742  749  755  761  767  771  783  788  800  805  811  818  826  833  840  845  855  859  868  872  883  889  893  901  909  914  920  929  934  942  950  957  965  970  977  982  989  998 1004 1012 1020 1027 1042 1051 1061 1070 1081 1081 1088 1096 1102 1109 1113 1116 1119 1127 1133 1140 1148 1157 1157 1165 1173 1177 1184 1193 1200 1205 1214 1216 1210 1212 1219 1225 1228 1224 1224 1219 1220 1213 1213 1209 1212 1213 1206 1213 1217 1215 1211 1213 1210 1211 1205 1210 1209 1206 1204
  625  622  628  620  624  620  623  621  625  631  636  631  631  629  625  622  624  624  627  631  627  630  633  636  640  645  648  656  660  666  672  679  683  695  703  707  717  725  726  718  723  727  731  735  741  748  753  761  765  771  785  793  804  813  820  824  832  839  846  851  859  868  873  877  887  893  899  906  917  924  926  934  941  950  955  962  967  976  984  991  997 1006 1012 1018 1029 1034 1051 1056 1070 1076 1083 1090 1099 1103 1108 1114 1117 1121 1123 1131 1139 1144 1151 1155 1159 1165 1170 1177 1181 1190 1194 1201 1213 1219 1215 1220 1227 1233 1236 1232 1233 1225 1229 1224 1221 1218 1219 1218 1212 1219 1220 1221 1221 1220 1216 1211 1208 1211 1212 1212 1206
  630  625  627  626  632  627  633  630  633  637  637  634  636  640  636  629  634  639  642  639  634  636  641  648  646  650  651  660  664  670  679  685  689  696  701  709  716  726  733  732  736  739  747  741  748  753  759  769  772  777  793  800  810  816  825  831  840  845  853  856  864  876  879  885  896  899  905  911  916  921  926  931  939  947  954  962  971  979  991 1000 1002 1011 1018 1025 1035 1043 1056 1063 1072 1078 1083 1091 1095 1101 1108 1113 1121 1125 1131 1138 1145 1150 1154 1159 1167 1171 1174 1185 1185 1197 1198 1205 1215 1219 1221 1224 1228 1235 1239 1238 1238 1232 1235 1229 1225 1224 1224 1222 1216 1221 1225 1225 1226 1222 1218 1219 1213 1217 1215 1214 1209
  633  630  635  632  638  636  638  635  637  643  643  640  639  646  650  652  648  653  648  646  647  642  646  651  649  655  654  666  668  676  683  690  693  700  704  708  713  723  728  737  745  745  753  748  756  759  763  774  778  783  793  801  809  813  821  830  836  845  853  860  868  873  881  888  896  904  912  917  924  931  933  940  946  956  959  968  978  986 1000 1008 1009 1019 1025 1033 1040 1052 1062 1070 1074 1078 1084 1097 1103 1109 1115 1121 1125 1130 1137 1145 1150 1156 1160 1163 1171 1176 1179 1186 1192 1199 1203 1210 1217 1223 1229 1232 1239 1246 1246 1243 1245 1239 1234 1231 1228 1232 1229 1222 1219 1225 1231 1229 1231 1226 1224 1218 1216 1220 1220 1220 1218
  636  635  638  642  640  638  643  641  639  641  645  647  645  648  652  655  651  658  651  651  649  645  651  657  656  660  661  671  672  683  691  694  701  704  712  712  717  731  734  745  749  750  757  755  763  767  768  782  784  790  800  807  813  817  823  830  837  844  849  855  870  876  885  891  903  908  917  925  931  938  941  945  953  962  965  977  985  993  998 1005 1010 1019 1025 1030 1035 1045 1054 1062 1067 1073 1079 1091 1096 1106 1113 1126 1130 1136 1144 1151 1156 1163 1165 1171 1179 1181 1184 1194 1198 1205 1211 1215 1223 1230 1237 1241 1250 1255 1250 1246 1245 1242 1244 1237 1232 1235 1231 1228 1224 1229 1235 1233 1234 1229 1226 1221 1219 1223 1222 1229 1224
  644  637  642  647  652  648  648  646  643  646  649  650  657  655  660  657  654  661  657  655  657  651  658  662  663  666  668  673  678  681  684  692  700  704  709  717  725  730  737  747  755  754  760  763  770  773  774  778  786  790  796  803  810  817  825  830  836  846  852  861  877  881  890  895  903  912  919  927  936  942  949  951  958  970  972  982  990  999 1007 1010 1019 1024 1033 1035 1041 1053 1058 1065 1071 1078 1083 1089 1093 1099 1106 1123 1135 1141 1146 1150 1154 1160 1166 1171 1176 1181 1189 1193 1204 1209 1214 1222 1227 1231 1236 1242 1249 1254 1256 1251 1250 1245 1246 1243 1236 1240 1238 1235 1230 1237 1241 1237 1237 1239 1233 1229 1227 1230 1226 1232 1228
  646  642  648  653  654  652  650  647  645  650  652  654  657  661  663  663  659  664  663  661  663  657  664  670  667  671  675  681  685  692  691  696  706  712  714  725  729  736  741  747  755  760  766  771  775  780  780  788  792  800  804  809  815  825  830  835  841  852  860  865  880  888  890  902  912  920  925  933  941  948  954  960  965  973  978  983  990  998 1004 1010 1016 1022 1029 1034 1042 1054 1062 1072 1077 1082 1090 1093 1100 1104 1111 1130 1137 1143 1151 1155 1161 1164 1173 1179 1184 1186 1197 1200 1210 1217 1221 1226 1233 1234 1239 1244 1248 1255 1259 1258 1256 1252 1251 1246 1242 1246 1250 1246 1239 1243 1249 1243 1242 1242 1236 1232 1234 1232 1229 1235 1232
  652  649  653  658  661  657  655  653  653  657  656  662  664  666  672  672  665  670  670  668  667  664  667  671  670  675  679  682  688  695  697  699  711  716  722  728  731  741  747  753  761  765  769  774  780  787  787  794  798  804  809  815  819  824  832  840  844  850  855  864  877  881  885  896  905  911  918  930  936  942  954  959  968  975  983  989  994  999 1003 1009 1015 1023 1031 1037 1045 1051 1060 1071 1078 1082 1090 1098 1104 1112 1118 1130 1140 1147 1153 1161 1169 1171 1181 1186 1188 1190 1199 1203 1211 1218 1221 1228 1232 1235 1239 1246 1253 1262 1263 1265 1259 1255 1256 1252 1247 1251 1256 1249 1243 1250 1247 1245 1247 1243 1237 1235 1239 1237 1234 1240 1236
  656  652  658  661  664  663  662  656  656  662  661  667  668  671  678  675  670  673  674  675  670  667  673  677  676  681  682  688  691  694  698  701  706  711  717  722  727  734  740  754  763  767  774  781  785  794  791  798  804  812  814  822  825  828  839  844  849  855  862  870  877  881  887  894  900  906  911  924  931  936  947  955  961  976  987  993  997 1003 1008 1016 1023 1027 1035 1044 1052 1059 1068 1076 1082 1086 1094 1101 1107 1115 1120 1126 1133 1143 1148 1156 1171 1178 1184 1191 1193 1198 1209 1210 1223 1222 1226 1232 1237 1240 1242 1251 1256 1262 1269 1271 1266 1262 1259 1256 1252 1259 1260 1257 1252 1258 1256 1250 1250 1253 1248 1244 1249 1248 1245 1247 1245
  664  664  667  672  669  666  669  666  661  664  668  673  671  676  679  679  675  680  681  678  675  672  676  683  683  684  687  693  697  699  705  706  712  716  721  729  735  738  745  751  759  767  778  785  789  797  795  803  811  818  818  823  831  835  846  850  853  861  867  873  880  888  891  898  904  908  913  927  936  941  954  962  968  981  990  998 1005 1009 1012 1024 1027 1035 1040 1049 1054 1062 1069 1076 1084 1090 1094 1102 1106 1111 1125 1132 1139 1143 1150 1155 1166 1172 1177 1186 1193 1202 1206 1212 1216 1219 1223 1228 1234 1239 1243 1250 1261 1267 1272 1273 1270 1265 1266 1262 1259 1265 1270 1267 1263 1261 1258 1252 1255 1258 1253 1249 1255 1256 1250 1254 1252
  668  667  669  674  671  671  673  671  667  673  671  675  674  676  678  684  682  686  687  685  680  676  681  686  687  691  690  694  698  702  709  709  715  719  725  730  735  743  748  756  763  771  782  791  796  801  801  809  814  820  823  830  838  840  851  855  860  868  874  882  887  892  896  906  912  913  920  933  942  949  957  964  966  983  989  993  999 1013 1016 1027 1033 1037 1044 1048 1055 1063 1068 1073 1079 1089 1097 1105 1110 1115 1127 1137 1143 1148 1156 1162 1170 1174 1182 1193 1198 1209 1212 1219 1224 1223 1229 1235 1240 1242 1250 1257 1264 1270 1276 1281 1278 1277 1273 1274 1269 1276 1274 1268 1263 1259 1257 1255 1261 1262 1258 1254 1259 1258 1256 1259 1256
  676  672  677  677  674  676  676  676  671  675  675  678  678  684  687  689  689  693  693  690  686  681  686  691  692  694  697  704  705  709  713  713  721  727  732  734  738  743  750  754  762  769  784  789  799  808  805  809  816  822  830  838  844  848  855  862  866  872  879  886  889  894  898  903  908  915  922  929  935  946  953  956  962  975  981  988  995 1006 1018 1024 1030 1038 1046 1052 1057 1062 1069 1073 1077 1090 1096 1103 1111 1116 1128 1135 1145 1151 1160 1166 1174 1182 1186 1195 1204 1212 1218 1222 1226 1230 1236 1240 1244 1245 1254 1262 1267 1273 1280 1287 1282 1283 1276 1281 1275 1279 1278 1271 1272 1270 1265 1260 1263 1265 1261 1260 1266 1262 1260 1263 1259
  686  679  685  679  677  681  681  683  682  687  681  683  683  685  687  691  697  701  706  706  702  705  709  710  709  704  708  711  708  713  717  716  721  724  727  731  735  738  745  752  760  765  778  782  792  803  808  818  826  834  835  840  847  851  855  861  866  870  874  880  885  891  896  902  911  918  923  932  938  942  947  951  955  968  974  981  990 1001 1014 1021 1032 1042 1046 1053 1060 1064 1070 1076 1080 1088 1092 1097 1110 1117 1127 1132 1142 1149 1159 1163 1174 1181 1186 1193 1200 1206 1214 1217 1222 1228 1233 1240 1245 1251 1256 1267 1271 1279 1286 1290 1289 1283 1280 1283 1279 1282 1284 1275 1277 1271 1269 1265 1266 1269 1265 1266 1270 1269 1264 1265 1261
  692  683  686  685  681  683  685  687  691  692  686  689  687  689  695  699  700  705  709  716  709  715  712  716  715  710  711  714  715  720  723  721  724  729  732  737  742  743  751  755  764  769  783  787  796  804  812  817  827  833  843  846  856  858  863  867  870  874  879  887  893  895  902  910  919  925  928  936  943  947  955  955  962  972  982  989  994 1006 1017 1027 1038 1045 1051 1061 1068 1069 1075 1084 1085 1093 1098 1101 1115 1125 1133 1136 1140 1149 1151 1167 1178 1185 1190 1195 1205 1209 1215 1218 1220 1228 1228 1233 1241 1247 1252 1261 1266 1275 1282 1289 1295 1291 1285 1288 1282 1287 1287 1277 1281 1275 1271 1268 1271 1270 1268 1271 1273 1272 1268 1268 1263
  693  685  688  686  683  685  687  689  692  695  690  696  692  697  697  702  705  708  713  720  714  720  716  721  719  717  718  720  721  727  730  727  734  740  740  741  748  746  754  759  769  776  783  790  797  802  810  815  824  835  847  851  861  864  869  875  878  881  885  893  897  902  907  915  927  929  936  942  951  952  960  960  970  980  986  997 1001 1012 1018 1027 1033 1038 1053 1055 1066 1074 1081 1088 1090 1097 1104 1107 1117 1122 1126 1130 1136 1143 1147 1161 1170 1178 1187 1192 1200 1203 1208 1213 1217 1221 1224 1229 1236 1240 1249 1256 1261 1277 1289 1296 1302 1295 1289 1293 1288 1286 1281 1279 1284 1283 1277 1272 1273 1278 1274 1279 1282 1281 1277 1271 1269
  694  696  695  690  686  688  694  698  695  699  699  700  694  700  699  701  705  711  717  721  719  725  723  727  723  720  721  724  728  732  735  731  734  738  744  746  755  753  759  763  774  783  787  792  799  806  812  816  819  830  841  847  862  868  873  879  884  887  889  901  901  909  913  919  931  933  941  948  955  959  964  965  978  984  992  999 1006 1009 1014 1023 1027 1033 1047 1051 1065 1075 1084 1091 1098 1104 1111 1111 1125 1130 1134 1135 1140 1151 1153 1164 1174 1180 1183 1189 1195 1201 1204 1207 1213 1218 1221 1227 1232 1235 1243 1250 1254 1272 1284 1295 1300 1295 1297 1292 1290 1286 1284 1281 1287 1286 1281 1279 1284 1284 1278 1284 1288 1287 1281 1277 1274
  695  701  700  696  691  696  700  704  698  702  702  703  698  704  702  708  714  720  722  727  722  729  726  732  726  725  726  728  735  739  741  737  742  746  749  750  753  760  762  769  776  779  783  787  794  801  804  809  815  823  834  842  857  864  877  885  885  889  896  902  908  914  920  923  930  936  943  948  955  963  971  971  977  981  987  991  998 1003 1009 1015 1021 1025 1040 1046 1057 1071 1076 1084 1092 1105 1115 1118 1126 1133 1141 1141 1145 1158 1160 1171 1172 1174 1184 1182 1194 1199 1208 1213 1219 1225 1228 1232 1239 1239 1248 1253 1257 1278 1288 1293 1294 1292 1301 1295 1296 1292 1290 1286 1290 1293 1289 1283 1287 1287 1281 1287 1290 1287 1283 1279 1276
  696  705  706  708  703  700  702  708  700  707  711  713  707  710  704  709  712  718  721  727  726  732  733  734  730  730  729  731  738  744  744  741  745  748  752  756  762  765  767  774  780  786  787  794  797  806  807  814  819  829  837  842  854  860  870  881  881  891  903  909  916  921  924  929  933  938  945  951  958  966  970  974  979  987  993  995 1003 1008 1016 1023 1025 1029 1046 1053 1061 1074 1082 1090 1098 1110 1116 1123 1126 1131 1141 1144 1147 1155 1162 1166 1169 1171 1180 1179 1190 1198 1201 1216 1224 1230 1235 1239 1246 1242 1252 1257 1262 1279 1284 1287 1290 1288 1293 1298 1300 1300 1294 1291 1297 1294 1291 1286 1290 1288 1283 1286 1288 1292 1291 1286 1285
  699  700  702  706  705  703  709  709  704  707  713  713  709  711  709  715  717  719  721  723  729  735  737  740  733  739  740  736  740  743  746  745  752  756  756  761  765  771  774  780  785  791  794  797  804  810  812  818  823  834  840  846  853  865  870  878  876  888  895  904  916  925  930  936  940  945  953  956  965  971  977  980  987  991  994 1002 1008 1015 1020 1028 1032 1035 1052 1057 1064 1077 1087 1094 1100 1103 1111 1117 1121 1124 1132 1138 1144 1150 1155 1159 1166 1168 1174 1176 1186 1192 1195 1214 1222 1234 1241 1245 1253 1247 1259 1262 1269 1272 1280 1281 1286 1286 1293 1295 1300 1301 1299 1297 1303 1303 1299 1295 1299 1298 1294 1297 1294 1300 1298 1293 1290
  702  705  708  711  712  708  710  716  710  713  715  719  713  716  714  718  724  726  727  725  734  738  743  745  739  743  744  741  746  752  752  753  758  762  763  768  773  776  777  780  783  786  791  797  801  806  811  816  823  836  843  851  854  857  862  870  871  880  887  899  909  922  930  938  937  945  952  956  960  964  970  976  981  985  990  997 1005 1009 1022 1030 1037 1041 1057 1061 1071 1075 1081 1086 1094 1098 1106 1110 1116 1120 1129 1136 1143 1146 1149 1155 1159 1164 1168 1172 1179 1188 1192 1207 1215 1230 1240 1242 1248 1251 1255 1258 1261 1268 1273 1278 1280 1282 1288 1293 1296 1300 1301 1299 1302 1308 1309 1303 1308 1308 1303 1303 1296 1303 1304 1299 1298
  706  709  714  714  713  710  715  719  715  718  721  725  721  721  716  718  720  726  731  729  738  742  749  745  743  745  751  748  754  760  755  759  766  766  768  775  778  781  783  788  792  795  796  800  804  812  815  822  828  835  838  845  848  851  857  862  867  872  880  895  903  916  930  935  933  937  944  948  956  962  967  973  981  986  994 1004 1010 1016 1028 1035 1044 1048 1054 1058 1064 1070 1077 1082 1088 1094 1099 1106 1114 1120 1127 1137 1143 1149 1155 1158 1163 1167 1171 1179 1182 1195 1197 1212 1219 1225 1235 1239 1243 1250 1257 1257 1266 1263 1270 1276 1280 1283 1283 1289 1294 1301 1301 1304 1310 1312 1313 1311 1315 1310 1305 1306 1301 1305 1308 1307 1305
  708  713  714  716  717  712  714  718  717  722  727  729  725  730  725  731  729  731  737  733  741  746  751  751  748  748  750  756  761  766  766  766  771  770  774  781  784  787  790  796  799  798  803  807  810  817  822  825  832  842  844  849  855  856  860  868  872  877  885  901  906  917  922  927  927  941  946  951  959  964  970  974  981  985  989 1005 1013 1019 1024 1041 1049 1049 1054 1058 1063 1070 1073 1080 1086 1092 1095 1102 1111 1116 1123 1130 1136 1154 1156 1162 1167 1170 1177 1182 1186 1200 1204 1215 1221 1229 1233 1236 1241 1244 1248 1254 1259 1261 1265 1270 1275 1277 1277 1284 1288 1297 1298 1304 1312 1311 1318 1314 1317 1314 1311 1310 1305 1308 1308 1307 1306
  710  711  713  717  718  714  717  721  721  726  730  736  738  733  731  737  733  738  743  737  739  741  747  750  752  756  760  766  769  770  773  773  775  773  780  786  790  793  796  799  805  802  810  813  815  823  828  829  835  842  849  853  860  863  864  875  878  882  891  905  911  915  918  922  923  936  941  943  953  965  968  972  977  981  986 1005 1009 1019 1025 1035 1042 1046 1054 1057 1069 1074 1077 1084 1087 1091 1095 1101 1105 1110 1118 1126 1133 1150 1153 1167 1174 1173 1181 1186 1190 1202 1209 1215 1219 1225 1227 1232 1238 1242 1249 1259 1264 1260 1266 1265 1270 1272 1274 1278 1286 1293 1293 1300 1308 1305 1313 1318 1321 1316 1313 1309 1307 1312 1312 1312 1309
  711  712  714  719  722  717  718  723  727  731  735  741  742  739  738  740  737  739  741  743  745  748  751  752  758  759  762  770  775  772  780  780  784  784  787  790  794  799  804  805  808  805  810  813  819  824  828  834  838  842  849  852  858  865  867  872  877  882  885  899  904  910  913  915  920  931  935  940  949  966  975  979  984  985  989 1012 1013 1022 1026 1033 1036 1042 1049 1054 1063 1073 1076 1082 1086 1089 1092 1095 1098 1104 1114 1122 1128 1144 1149 1161 1170 1179 1184 1190 1197 1201 1205 1211 1216 1219 1222 1229 1235 1235 1243 1251 1255 1257 1261 1263 1266 1268 1270 1275 1283 1287 1291 1296 1302 1301 1309 1320 1326 1322 1316 1314 1312 1315 1317 1315 1313
  713  714  715  716  721  721  724  727  731  737  741  745  744  743  745  745  742  746  749  748  747  749  755  756  764  761  766  773  777  775  784  787  791  791  793  797  798  802  809  810  814  812  816  823  827  827  835  837  842  848  851  854  858  865  869  876  880  883  888  896  900  904  908  912  917  925  931  935  943  960  968  985  991  988  996 1009 1015 1020 1026 1030 1035 1041 1046 1053 1065 1078 1079 1089 1092 1095 1099 1099 1102 1107 1121 1129 1133 1147 1154 1160 1165 1176 1185 1184 1196 1203 1207 1210 1213 1217 1221 1222 1229 1232 1247 1253 1254 1260 1264 1265 1268 1270 1272 1275 1279 1282 1288 1290 1296 1299 1303 1319 1327 1325 1321 1319 1315 1317 1318 1319 1314
  721  726  728  733  724  726  729  730  735  736  739  744  748  747  751  750  747  751  751  750  749  755  758  759  766  765  768  774  779  781  787  793  794  794  800  800  805  808  816  814  819  819  823  828  833  834  842  843  847  854  855  860  862  871  872  877  881  888  893  897  902  906  909  914  918  929  936  942  948  963  972  982  988  991  998 1005 1011 1018 1025 1037 1038 1046 1052 1055 1064 1076 1080 1092 1095 1101 1106 1105 1109 1114 1124 1135 1140 1154 1159 1165 1166 1175 1183 1181 1193 1196 1200 1203 1206 1212 1215 1218 1224 1227 1246 1247 1252 1261 1264 1268 1268 1274 1276 1281 1285 1288 1291 1293 1298 1301 1306 1322 1325 1326 1326 1321 1316 1318 1319 1319 1317
  733  736  734  730  725  727  732  736  740  741  743  750  752  749  755  759  754  756  755  752  754  759  765  761  767  768  771  777  780  784  787  791  793  799  802  805  810  813  818  818  821  826  827  833  839  840  846  850  852  859  862  867  868  875  876  881  885  892  896  900  906  912  913  919  922  935  939  949  953  969  970  984  985  996 1001 1008 1014 1021 1028 1034 1034 1042 1047 1051 1059 1069 1075 1085 1092 1101 1106 1111 1115 1117 1128 1137 1141 1147 1154 1161 1162 1170 1176 1177 1192 1198 1201 1208 1212 1216 1220 1220 1229 1229 1243 1245 1248 1255 1259 1267 1266 1275 1279 1287 1287 1290 1296 1295 1301 1304 1309 1320 1324 1324 1325 1322 1319 1322 1321 1323 1321
  741  739  742  738  728  730  734  739  741  745  748  754  757  753  755  761  759  761  758  758  756  758  760  766  769  774  776  778  781  787  790  792  794  799  803  808  811  816  823  821  825  830  831  837  843  843  850  853  859  864  865  872  873  881  882  889  894  901  903  904  912  918  916  926  928  942  945  952  954  964  966  977  981  989 1000 1008 1013 1017 1021 1027 1031 1036 1040 1046 1055 1064 1069 1080 1089 1096 1103 1108 1119 1121 1128 1134 1141 1145 1150 1154 1159 1166 1171 1174 1188 1195 1199 1213 1213 1222 1222 1222 1228 1231 1237 1241 1245 1251 1254 1264 1262 1269 1276 1281 1290 1296 1302 1300 1307 1310 1311 1322 1324 1320 1326 1327 1327 1326 1323 1325 1322
  745  744  740  738  733  735  737  740  741  743  744  749  752  754  760  762  761  765  761  764  762  764  769  773  774  780  781  787  789  793  795  794  796  801  808  814  816  821  827  825  831  836  834  838  844  850  854  859  862  866  872  875  879  882  888  891  894  900  904  909  916  920  922  928  931  937  941  948  951  957  963  970  977  986  993 1003 1008 1014 1021 1033 1034 1040 1046 1050 1061 1071 1072 1083 1089 1093 1100 1105 1116 1119 1128 1133 1140 1147 1153 1157 1163 1168 1175 1177 1195 1198 1204 1209 1211 1218 1222 1227 1231 1237 1241 1241 1249 1254 1255 1258 1260 1266 1273 1278 1295 1297 1300 1306 1312 1312 1313 1314 1316 1318 1321 1322 1326 1330 1333 1331 1327
  749  744  743  739  736  740  741  742  744  744  748  751  756  755  763  765  765  767  766  772  767  773  777  775  779  784  786  788  794  795  801  800  798  804  815  818  817  825  827  828  833  836  839  846  850  855  862  862  866  873  877  880  885  888  893  897  898  905  909  912  917  922  928  934  934  940  944  951  958  961  969  976  980  984  990 1005 1010 1016 1022 1037 1039 1044 1053 1054 1064 1078 1076 1089 1093 1099 1102 1111 1117 1122 1131 1139 1142 1147 1150 1155 1158 1165 1172 1176 1194 1197 1204 1207 1208 1215 1224 1224 1228 1231 1235 1237 1243 1248 1251 1253 1255 1261 1270 1275 1300 1301 1305 1310 1314 1313 1317 1321 1321 1324 1322 1327 1330 1335 1336 1334 1332
  751  750  745  743  738  740  742  747  749  746  752  755  762  756  765  767  771  777  771  776  770  772  778  779  783  786  789  794  799  797  803  804  802  805  807  813  815  819  825  831  837  839  848  857  856  860  865  866  872  879  884  887  889  893  900  902  903  908  915  916  921  927  930  937  937  944  947  951  955  962  969  972  978  982  988 1004 1009 1019 1023 1038 1042 1043 1054 1059 1070 1077 1082 1086 1090 1099 1101 1105 1113 1119 1129 1134 1140 1148 1153 1157 1159 1162 1167 1170 1188 1195 1198 1203 1205 1212 1218 1222 1226 1229 1239 1242 1244 1250 1255 1261 1263 1269 1276 1280 1295 1300 1303 1309 1313 1314 1319 1322 1324 1325 1327 1332 1335 1338 1341 1340 1337
  753  750  748  744  739  743  748  752  750  748  756  756  758  760  763  767  772  777  777  777  774  779  783  785  785  790  793  799  801  801  806  808  804  807  812  818  822  826  828  830  832  834  842  850  852  859  862  873  877  881  887  890  892  897  901  908  909  912  919  919  923  930  937  940  941  945  950  954  959  965  969  972  976  979  983  999 1003 1015 1022 1031 1037 1038 1048 1056 1065 1072 1075 1082 1085 1092 1096 1101 1110 1116 1129 1131 1133 1143 1152 1157 1163 1173 1179 1180 1194 1198 1201 1203 1206 1210 1216 1218 1224 1228 1239 1243 1254 1260 1265 1267 1273 1278 1282 1288 1292 1299 1308 1313 1314 1317 1318 1321 1323 1325 1329 1331 1332 1336 1338 1341 1340
  750  748  747  744  743  744  749  753  753  750  754  757  762  762  766  769  771  772  776  779  779  782  784  788  791  794  796  802  807  807  809  811  806  809  812  815  817  822  824  827  829  832  838  846  856  861  867  876  880  887  892  896  898  905  907  910  915  919  922  925  929  935  941  946  948  954  960  963  966  969  974  978  983  988  994  999 1005 1013 1017 1025 1032 1035 1045 1051 1061 1071 1074 1082 1089 1094 1097 1104 1111 1114 1123 1127 1129 1140 1146 1153 1157 1168 1174 1178 1193 1197 1202 1205 1211 1216 1219 1221 1226 1231 1245 1249 1259 1265 1268 1275 1279 1283 1287 1293 1295 1303 1309 1310 1314 1317 1319 1324 1329 1329 1331 1335 1337 1342 1344 1345    0
